1 0.54921875 0.34453125 0.040625 0.0578125
1 0.590625 0.290625 0.028125 0.05
1 0.6046875 0.63515625 0.025 0.0703125
1 0.56015625 0.6421875 0.05 0.08125
1 0.571875 0.4265625 0.028125 0.053125
1 0.54296875 0.21015625 0.034375 0.059375
1 0.60546875 0.14140625 0.021875 0.0671875
1 0.56796875 0.503125 0.0375 0.034375
1 0.5875 0.3484375 0.0375 0.059375
1 0.53125 0.42578125 0.053125 0.071875
1 0.4921875 0.36484375 0.0421875 0.0546875
1 0.46015625 0.43125 0.0296875 0.0734375
1 0.47421875 0.521875 0.0203125 0.059375