1 0.325 0.834375 0.203125 0.24296875
1 0.5703125 0.89375 0.153125 0.20703125
1 0.7703125 0.8546875 0.1234375 0.1421875
1 0.83828125 0.5796875 0.3109375 0.278125
1 0.96796875 0.46015625 0.06015625 0.05625
1 0.803125 0.4453125 0.1203125 0.06796875
1 0.17421875 0.47890625 0.175 0.1171875
1 0.1421875 0.70625 0.171875 0.18203125
1 0.26640625 0.34453125 0.11953125 0.1140625
1 0.03984375 0.4703125 0.06640625 0.04765625
1 0.08984375 0.39765625 0.0703125 0.03828125
1 0.13046875 0.375 0.08828125 0.05234375
1 0.08046875 0.3203125 0.128125 0.15078125
1 0.1875 0.32265625 0.0921875 0.103125
1 0.48046875 0.4828125 0.384375 0.25859375