1 0.34453125 0.83203125 0.3109375 0.33203125
1 0.446875 0.48828125 0.1296875 0.09921875
0 0.11015625 0.75703125 0.19921875 0.4109375
0 0.08203125 0.3265625 0.1640625 0.1296875
0 0.34921875 0.359375 0.1375 0.17578125
0 0.25625 0.50625 0.1453125 0.19375
0 0.3578125 0.46015625 0.10234375 0.1640625
0 0.48125 0.3890625 0.21484375 0.12734375
0 0.44765625 0.27890625 0.1625 0.10078125
0 0.62265625 0.409375 0.1921875 0.13671875
0 0.74453125 0.61484375 0.23515625 0.16640625
0 0.87265625 0.8046875 0.2453125 0.38125
0 0.75546875 0.33125 0.15546875 0.134375
0 0.93828125 0.47578125 0.1234375 0.159375
0 0.8953125 0.3515625 0.196875 0.053125
0 0.83359375 0.403125 0.14609375 0.16328125
0 0.5828125 0.2140625 0.10546875 0.04921875
1 0.63046875 0.24765625 0.12109375 0.0734375
1 0.459375 0.13671875 0.0578125 0.046875
1 0.52734375 0.178125 0.0515625 0.04296875
0 0.62890625 0.88984375 0.1625 0.20546875
0 0.52734375 0.578125 0.090625 0.134375