1 0.96171875 0.6203125 0.071875 0.1609375
1 0.440625 0.9703125 0.096875 0.059375
1 0.80546875 0.10703125 0.065625 0.1
1 0.8828125 0.21953125 0.1109375 0.09375
1 0.5625 0.20625 0.15 0.2875
1 0.559375 0.50859375 0.0546875 0.1515625
0 0.3375 0.47890625 0.0703125 0.140625
1 0.4109375 0.71953125 0.065625 0.1546875
1 0.17578125 0.1921875 0.065625 0.103125
1 0.1890625 0.35546875 0.0546875 0.046875
1 0.746875 0.74296875 0.065625 0.1296875
1 0.896875 0.82890625 0.0734375 0.1671875
1 0.81796875 0.765625 0.06875 0.1234375
1 0.86796875 0.95234375 0.08125 0.071875
1 0.9546875 0.81640625 0.090625 0.259375
1 0.77265625 0.5953125 0.159375 0.1109375
0 0.90234375 0.4234375 0.19375 0.18125
0 0.40859375 0.903125 0.0703125 0.08125
1 0.440625 0.50078125 0.09375 0.209375
1 0.38515625 0.1828125 0.096875 0.14375
1 0.3109375 0.16015625 0.065625 0.1