1 0.553125 0.61484375 0.46640625 0.16328125
1 0.5578125 0.4 0.2796875 0.046875
0 0.753125 0.28125 0.20859375 0.2890625
0 0.5171875 0.1625 0.39765625 0.0625
0 0.18046875 0.16328125 0.346875 0.04453125
1 0.121875 0.32265625 0.10859375 0.0671875
0 0.25703125 0.25078125 0.23203125 0.1046875
1 0.2390625 0.43125 0.29296875 0.13203125
1 0.13515625 0.5484375 0.26796875 0.13828125
0 0.5109375 0.84140625 0.24921875 0.31640625
0 0.91640625 0.4921875 0.1609375 0.134375
0 0.8734375 0.178125 0.25234375 0.12109375