1 0.61484375 0.8609375 0.14453125 0.125
1 0.8953125 0.82734375 0.071875 0.0515625
1 0.8875 0.7125 0.15 0.09375
1 0.92890625 0.52890625 0.0953125 0.05859375
1 0.7921875 0.63671875 0.125 0.10546875
1 0.78125 0.50234375 0.103125 0.065625
1 0.85390625 0.47109375 0.1109375 0.07734375
1 0.8375 0.4078125 0.140625 0.04921875
1 0.7078125 0.31796875 0.18828125 0.09375
1 0.8609375 0.315625 0.25625 0.0890625
1 0.6921875 0.4390625 0.15 0.0703125
1 0.64921875 0.54453125 0.1296875 0.065625
1 0.60859375 0.68359375 0.2078125 0.11953125
1 0.31171875 0.95859375 0.1703125 0.07734375
1 0.1171875 0.790625 0.065625 0.09140625
1 0.1859375 0.6375 0.09375 0.0515625
1 0.3109375 0.60078125 0.1375 0.09375
1 0.34296875 0.49453125 0.1328125 0.05859375
1 0.21484375 0.5 0.0734375 0.05625
1 0.415625 0.4359375 0.06875 0.04453125
1 0.353125 0.45703125 0.053125 0.02109375
1 0.45078125 0.40078125 0.0734375 0.02578125
1 0.540625 0.32109375 0.09375 0.03515625
1 0.4671875 0.3203125 0.05 0.028125
1 0.4015625 0.3203125 0.078125 0.028125
1 0.35078125 0.35390625 0.0515625 0.02578125
1 0.28046875 0.33671875 0.0515625 0.0234375
1 0.25 0.253125 0.078125 0.01640625
1 0.3484375 0.253125 0.06875 0.02578125
1 0.30703125 0.2765625 0.0578125 0.02109375
1 0.4640625 0.28515625 0.09375 0.0140625
1 0.5546875 0.26875 0.04375 0.028125
1 0.48515625 0.2359375 0.0578125 0.01875
1 0.3734375 0.7125 0.15 0.15
1 0.51796875 0.58125 0.0671875 0.0703125
1 0.59140625 0.4359375 0.23515625 0.13828125
1 0.890625 0.57734375 0.07421875 0.09140625
1 0.978125 0.7140625 0.04375 0.14375
1 0.0859375 0.32734375 0.16796875 0.0765625
1 0.04921875 0.39375 0.09765625 0.0828125
1 0.1421875 0.25546875 0.1046875 0.03515625
1 0.09765625 0.27890625 0.08515625 0.0859375
1 0.30859375 0.19765625 0.0640625 0.04375
1 0.3546875 0.2015625 0.0390625 0.059375
1 0.428125 0.24453125 0.0453125 0.06796875
1 0.4875 0.18515625 0.07109375 0.04140625
1 0.32421875 0.39453125 0.08125 0.053125
1 0.17109375 0.396875 0.0453125 0.05
1 0.24765625 0.2203125 0.040625 0.03359375
1 0.29765625 0.1265625 0.065625 0.03046875
1 0.3296875 0.1578125 0.03125 0.01875
1 0.31640625 0.17265625 0.03515625 0.02109375
1 0.37734375 0.1859375 0.0234375 0.03828125
1 0.41875 0.1609375 0.05546875 0.03203125
1 0.42421875 0.2125 0.053125 0.02265625
1 0.9828125 0.82890625 0.03359375 0.0875