1 0.390625 0.684375 0.4734375 0.515625
1 0.7203125 0.384375 0.2734375 0.2296875
1 0.834375 0.59765625 0.290625 0.2796875
1 0.928125 0.15078125 0.140625 0.171875
1 0.46796875 0.29140625 0.3234375 0.2375
1 0.55625 0.134375 0.1578125 0.115625
1 0.46171875 0.0921875 0.1078125 0.05625
1 0.47578125 0.03359375 0.134375 0.065625
1 0.3375 0.19140625 0.1484375 0.19375
1 0.3078125 0.084375 0.175 0.10625
1 0.28046875 0.0296875 0.171875 0.059375
1 0.759375 0.04375 0.15 0.0875
1 0.36796875 0.396875 0.1375 0.16875