1 0.56484375 0.4671875 0.059375 0.05625
1 0.56015625 0.6484375 0.034375 0.046875
1 0.5140625 0.59296875 0.0265625 0.0375
1 0.58046875 0.29453125 0.04375 0.0671875
1 0.56796875 0.3640625 0.0328125 0.04375
1 0.58984375 0.34140625 0.03125 0.034375
1 0.5609375 0.41875 0.028125 0.0359375
1 0.59453125 0.4609375 0.028125 0.0578125
1 0.52578125 0.39140625 0.03125 0.05625
1 0.51171875 0.4640625 0.040625 0.0625
1 0.4796875 0.5578125 0.01875 0.021875
1 0.459375 0.5359375 0.0171875 0.015625
1 0.59296875 0.6890625 0.0234375 0.04375