1 0.4765625 0.475 0.0671875 0.08125
1 0.61796875 0.41640625 0.09140625 0.053125
1 0.4125 0.84375 0.05 0.109375
0 0.30546875 0.671875 0.08515625 0.096875
0 0.05390625 0.76953125 0.10234375 0.19921875
0 0.225 0.50703125 0.2953125 0.1140625
0 0.72578125 0.63125 0.3421875 0.31953125
0 0.91015625 0.4484375 0.1796875 0.1765625
1 0.70703125 0.3765625 0.09140625 0.06015625
0 0.596875 0.3703125 0.115625 0.071875
1 0.421875 0.46796875 0.0453125 0.04375
0 0.54296875 0.64375 0.115625 0.14921875
1 0.07421875 0.365625 0.03046875 0.034375
0 0.4015625 0.5609375 0.25234375 0.11171875
0 0.13046875 0.56171875 0.09765625 0.05546875