1 0.5046875 0.47890625 0.38984375 0.3765625
0 0.2390625 0.2109375 0.47265625 0.19765625
0 0.58359375 0.13671875 0.2703125 0.1984375
0 0.8078125 0.29296875 0.265625 0.3265625
0 0.8484375 0.06015625 0.303125 0.11171875
0 0.9546875 0.1875 0.090625 0.36953125
0 0.12421875 0.85625 0.2453125 0.275
0 0.89921875 0.5828125 0.2015625 0.409375
0 0.76015625 0.46875 0.1546875 0.27109375
0 0.31953125 0.81328125 0.20390625 0.2796875
1 0.16953125 0.59453125 0.33515625 0.47109375
1 0.62109375 0.75703125 0.7015625 0.4859375