1 0.859375 0.5953125 0.178125 0.134375
1 0.24453125 0.77734375 0.19375 0.11875
1 0.05625 0.9078125 0.109375 0.146875
1 0.14375 0.596875 0.275 0.146875
1 0.91796875 0.459375 0.109375 0.0625
1 0.2203125 0.3859375 0.0828125 0.05
1 0.0765625 0.4234375 0.0765625 0.0375
1 0.46796875 0.3 0.0671875 0.028125
1 0.65 0.56640625 0.0671875 0.053125
1 0.0609375 0.79375 0.090625 0.0703125
1 0.8890625 0.84375 0.221875 0.3125
1 0.45625 0.4578125 0.0625 0.0578125
1 0.359375 0.55390625 0.0765625 0.0546875
0 0.63828125 0.8734375 0.24375 0.253125
0 0.55703125 0.5453125 0.109375 0.09375
0 0.734375 0.42421875 0.259375 0.190625
0 0.8875 0.32890625 0.140625 0.0890625
0 0.70078125 0.3171875 0.146875 0.040625
0 0.5109375 0.40546875 0.259375 0.134375
0 0.97890625 0.2296875 0.0375 0.0625
0 0.40859375 0.9015625 0.13125 0.165625
1 0.53125 0.2796875 0.028125 0.021875
1 0.6125 0.25390625 0.025 0.01875
1 0.57734375 0.2625 0.0125 0.0109375
1 0.70390625 0.22421875 0.03125 0.0171875
1 0.771875 0.21015625 0.0328125 0.01875
1 0.8421875 0.17734375 0.03125 0.0140625
1 0.77734375 0.18671875 0.0328125 0.025
1 0.81171875 0.2015625 0.021875 0.01875
1 0.86796875 0.26484375 0.0171875 0.021875
1 0.7734375 0.440625 0.028125 0.0265625
1 0.71875 0.5 0.053125 0.0375
0 0.315625 0.34375 0.1046875 0.071875
0 0.40859375 0.68203125 0.209375 0.15625