1 0.6203125 0.96171875 0.16171875 0.07265625
1 0.9703125 0.440625 0.059375 0.096875
1 0.10703125 0.80546875 0.09921875 0.06484375
1 0.21953125 0.8828125 0.09453125 0.1109375
1 0.20625 0.5625 0.2875 0.14921875
1 0.50859375 0.559375 0.1515625 0.0546875
0 0.47890625 0.3375 0.140625 0.0703125
1 0.71953125 0.4109375 0.1546875 0.06640625
1 0.1921875 0.17578125 0.10390625 0.06484375
1 0.35546875 0.1890625 0.046875 0.0546875
1 0.74296875 0.746875 0.13046875 0.06640625
1 0.82890625 0.896875 0.1671875 0.0734375
1 0.765625 0.81796875 0.12421875 0.06953125
1 0.95234375 0.86796875 0.07265625 0.08046875
1 0.81640625 0.9546875 0.25859375 0.090625
1 0.5953125 0.77265625 0.1109375 0.159375
0 0.4234375 0.90234375 0.18046875 0.19453125
0 0.903125 0.40859375 0.08125 0.0703125
1 0.50078125 0.440625 0.209375 0.09375
1 0.1828125 0.38515625 0.14453125 0.09609375
1 0.16015625 0.3109375 0.09921875 0.06640625