1 0.4046875 0.859375 0.134375 0.178125
1 0.22265625 0.24453125 0.11875 0.19375
1 0.0921875 0.05625 0.146875 0.109375
1 0.403125 0.14375 0.146875 0.275
1 0.540625 0.91796875 0.0625 0.109375
1 0.6140625 0.2203125 0.05 0.0828125
1 0.5765625 0.0765625 0.0375 0.0765625
1 0.7 0.46796875 0.028125 0.0671875
1 0.43359375 0.65 0.053125 0.0671875
1 0.20625 0.0609375 0.0703125 0.090625
1 0.15625 0.8890625 0.3125 0.221875
1 0.5421875 0.45625 0.0578125 0.0625
1 0.44609375 0.359375 0.0546875 0.0765625
0 0.1265625 0.63828125 0.253125 0.24375
0 0.4546875 0.55703125 0.09375 0.109375
0 0.57578125 0.734375 0.190625 0.259375
0 0.67109375 0.8875 0.0890625 0.140625
0 0.6828125 0.70078125 0.040625 0.146875
0 0.59453125 0.5109375 0.134375 0.259375
0 0.7703125 0.97890625 0.0625 0.0375
0 0.0984375 0.40859375 0.165625 0.13125
1 0.7203125 0.53125 0.021875 0.028125
1 0.74609375 0.6125 0.01875 0.025
1 0.7375 0.57734375 0.0109375 0.0125
1 0.77578125 0.70390625 0.0171875 0.03125
1 0.78984375 0.771875 0.01875 0.0328125
1 0.82265625 0.8421875 0.0140625 0.03125
1 0.81328125 0.77734375 0.025 0.0328125
1 0.7984375 0.81171875 0.01875 0.021875
1 0.73515625 0.86796875 0.021875 0.0171875
1 0.559375 0.7734375 0.0265625 0.028125
1 0.5 0.71875 0.0375 0.053125
0 0.65625 0.315625 0.071875 0.1046875
0 0.31796875 0.40859375 0.15625 0.209375