1 0.31484375 0.5625 0.415625 0.15078125
1 0.13203125 0.86953125 0.26328125 0.246875
1 0.334375 0.9609375 0.1125 0.0734375
1 0.034375 0.6859375 0.06796875 0.090625
1 0.61953125 0.4203125 0.29921875 0.1515625
1 0.78671875 0.31015625 0.18515625 0.1171875
1 0.6765625 0.63046875 0.2765625 0.17578125
1 0.0859375 0.28828125 0.171875 0.090625
1 0.22109375 0.23359375 0.11796875 0.0796875
1 0.54296875 0.590625 0.08828125 0.08828125
1 0.70234375 0.51796875 0.146875 0.26796875
1 0.04609375 0.38359375 0.090625 0.0984375