1 0.5234375 0.475 0.0671875 0.08125
1 0.38203125 0.41640625 0.090625 0.053125
1 0.5875 0.84375 0.05 0.109375
0 0.69453125 0.671875 0.084375 0.096875
0 0.94609375 0.76953125 0.103125 0.2
0 0.775 0.50703125 0.2953125 0.1140625
0 0.27421875 0.63125 0.3421875 0.31875
0 0.08984375 0.4484375 0.1796875 0.1765625
1 0.29296875 0.3765625 0.090625 0.059375
0 0.403125 0.3703125 0.115625 0.071875
1 0.578125 0.46796875 0.0453125 0.04375
0 0.45703125 0.64375 0.115625 0.15
1 0.92578125 0.365625 0.03125 0.034375
0 0.5984375 0.5609375 0.253125 0.1125
0 0.86953125 0.56171875 0.096875 0.05625