1 0.46015625 0.81484375 0.4984375 0.36640625
1 0.8859375 0.88046875 0.184375 0.15
1 0.6 0.4859375 0.1125 0.075
0 0.67265625 0.578125 0.2421875 0.06640625
0 0.9015625 0.57890625 0.1453125 0.07734375
0 0.4296875 0.5734375 0.2140625 0.07578125
0 0.17421875 0.57578125 0.32890625 0.06171875
1 0.1390625 0.84921875 0.26875 0.3015625
1 0.884375 0.4953125 0.21796875 0.1578125
1 0.6703125 0.234375 0.2265625 0.13828125
1 0.58671875 0.4859375 0.1953125 0.11640625
1 0.6109375 0.4046875 0.11171875 0.27265625
1 0.60625 0.1625 0.10625 0.0609375
1 0.80625 0.93203125 0.14375 0.1359375