1 0.46015625 0.18515625 0.4984375 0.365625
1 0.8859375 0.11953125 0.184375 0.15
1 0.6 0.5140625 0.1125 0.075
0 0.67265625 0.421875 0.2421875 0.065625
0 0.9015625 0.42109375 0.1453125 0.078125
0 0.4296875 0.4265625 0.2140625 0.075
0 0.17421875 0.42421875 0.328125 0.0625
1 0.1390625 0.15078125 0.26875 0.3015625
1 0.884375 0.5046875 0.21875 0.1578125
1 0.6703125 0.765625 0.2265625 0.1375
1 0.58671875 0.5140625 0.1953125 0.115625
1 0.6109375 0.5953125 0.1125 0.271875
1 0.60625 0.8375 0.10625 0.0609375
1 0.80625 0.06796875 0.14375 0.1359375