1 0.684375 0.609375 0.515625 0.471875
1 0.384375 0.2796875 0.2296875 0.2734375
1 0.59765625 0.165625 0.278125 0.290625
1 0.15078125 0.071875 0.171875 0.140625
1 0.29140625 0.53203125 0.2375 0.3234375
1 0.134375 0.44375 0.115625 0.1578125
1 0.0921875 0.53828125 0.05625 0.1078125
1 0.03359375 0.52421875 0.065625 0.134375
1 0.19140625 0.6625 0.19375 0.1484375
1 0.084375 0.6921875 0.10625 0.175
1 0.0296875 0.71953125 0.059375 0.1703125
1 0.04375 0.240625 0.0875 0.15
1 0.396875 0.63203125 0.16875 0.1375