1 0.140625 0.5953125 0.17890625 0.13515625
1 0.75546875 0.77734375 0.19453125 0.11953125
1 0.94375 0.9078125 0.10859375 0.146875
1 0.85625 0.596875 0.275 0.146875
1 0.08203125 0.459375 0.11015625 0.0625
1 0.7796875 0.3859375 0.0828125 0.05078125
1 0.9234375 0.4234375 0.0765625 0.0375
1 0.53203125 0.3 0.0671875 0.028125
1 0.35 0.56640625 0.0671875 0.053125
1 0.9390625 0.79375 0.09140625 0.0703125
1 0.1109375 0.84375 0.221875 0.3125
1 0.54375 0.4578125 0.06171875 0.0578125
1 0.640625 0.55390625 0.0765625 0.0546875
0 0.36171875 0.8734375 0.24453125 0.253125
0 0.44296875 0.5453125 0.10859375 0.09375
0 0.265625 0.42421875 0.25859375 0.190625
0 0.1125 0.32890625 0.140625 0.0890625
0 0.29921875 0.3171875 0.146875 0.04140625
0 0.4890625 0.40546875 0.25859375 0.134375
0 0.02109375 0.2296875 0.03828125 0.06328125
0 0.59140625 0.9015625 0.13046875 0.16484375
1 0.46875 0.2796875 0.02734375 0.02265625
1 0.3875 0.25390625 0.02578125 0.01953125
1 0.42265625 0.2625 0.0125 0.0109375
1 0.29609375 0.22421875 0.03125 0.0171875
1 0.228125 0.21015625 0.0328125 0.01875
1 0.1578125 0.17734375 0.03046875 0.0140625
1 0.22265625 0.18671875 0.0328125 0.02421875
1 0.18828125 0.2015625 0.02265625 0.01796875
1 0.13203125 0.26484375 0.0171875 0.021875
1 0.2265625 0.440625 0.028125 0.0265625
1 0.28125 0.5 0.05390625 0.03828125
0 0.684375 0.34375 0.1046875 0.07109375
0 0.59140625 0.68203125 0.209375 0.15703125