1 0.65546875 0.54921875 0.0578125 0.03984375
1 0.709375 0.590625 0.05 0.028125
1 0.36484375 0.6046875 0.0703125 0.025
1 0.3578125 0.56015625 0.08203125 0.05078125
1 0.5734375 0.571875 0.053125 0.02734375
1 0.78984375 0.54296875 0.06015625 0.03515625
1 0.85859375 0.60546875 0.0671875 0.02265625
1 0.496875 0.56796875 0.03515625 0.0375
1 0.6515625 0.5875 0.05859375 0.0375
1 0.57421875 0.53125 0.07109375 0.053125
1 0.63515625 0.4921875 0.0546875 0.0421875
1 0.56875 0.46015625 0.0734375 0.0296875
1 0.478125 0.47421875 0.06015625 0.0203125