1 0.2125 0.5203125 0.296875 0.1703125
1 0.49453125 0.5125 0.25625 0.228125
1 0.81171875 0.496875 0.221875 0.1984375
1 0.975 0.48671875 0.05 0.1296875
0 0.5015625 0.31015625 0.9921875 0.1734375
0 0.5 0.74921875 1 0.2140625
1 0.38984375 0.01640625 0.2 0.03125
1 0.559375 0.0171875 0.071875 0.034375
1 0.865625 0.02265625 0.1 0.040625
0 0.12734375 0.06875 0.078125 0.1171875
0 0.93046875 0.0921875 0.090625 0.1
0 0.7109375 0.05 0.2125 0.053125
0 0.578125 0.2640625 0.10625 0.25625
0 0.2671875 0.21171875 0.115625 0.21875
0 0.1890625 0.41328125 0.075 0.1375
0 0.321875 0.40625 0.1 0.1234375