1 0.47421875 0.340625 0.2765625 0.1359375
1 0.77734375 0.14609375 0.4203125 0.2859375
1 0.5 0.059375 0.19375 0.1140625
1 0.290625 0.05390625 0.1125 0.103125
1 0.35859375 0.2140625 0.2484375 0.14375
1 0.28125 0.43046875 0.128125 0.10625
1 0.1203125 0.30546875 0.2375 0.3171875
1 0.36328125 0.5109375 0.1171875 0.05625
1 0.39765625 0.571875 0.1109375 0.065625
1 0.490625 0.50546875 0.06875 0.0609375
1 0.85625 0.4625 0.14375 0.0640625
1 0.9734375 0.40390625 0.053125 0.0640625
1 0.89609375 0.403125 0.0734375 0.0453125
1 0.7859375 0.515625 0.11875 0.053125
1 0.6875 0.5609375 0.178125 0.1
1 0.57734375 0.6390625 0.0859375 0.0609375
1 0.503125 0.68046875 0.115625 0.034375
1 0.8828125 0.24609375 0.1 0.065625
1 0.17734375 0.57421875 0.3546875 0.2171875
1 0.4203125 0.43046875 0.05 0.10625
1 0.66171875 0.45546875 0.04375 0.053125
1 0.9359375 0.5203125 0.128125 0.1609375
1 0.66953125 0.64609375 0.0640625 0.0671875
1 0.52578125 0.5921875 0.0375 0.04375
1 0.565625 0.61484375 0.0546875 0.0296875
1 0.5734375 0.6375 0.09375 0.025
1 0.4984375 0.57421875 0.0484375 0.0375
1 0.37421875 0.69375 0.0546875 0.053125
1 0.703125 0.32265625 0.103125 0.159375
1 0.590625 0.67734375 0.065625 0.05