1 0.50703125 0.78984375 0.08125 0.1328125
1 0.5140625 0.334375 0.0609375 0.128125
1 0.53359375 0.18125 0.04375 0.096875
1 0.3984375 0.528125 0.159375 0.18125
1 0.415625 0.11171875 0.08125 0.1078125
1 0.24609375 0.89765625 0.103125 0.1859375
0 0.35078125 0.86796875 0.0875 0.19375
1 0.34375 0.71953125 0.10625 0.128125
1 0.228125 0.72734375 0.090625 0.13125
1 0.33046875 0.5328125 0.1 0.16875
1 0.5296875 0.646875 0.0546875 0.0828125
1 0.66484375 0.90546875 0.046875 0.153125
0 0.11484375 0.47734375 0.2296875 0.0859375
0 0.43359375 0.234375 0.1 0.1
0 0.3640625 0.2921875 0.128125 0.3
1 0.27890625 0.63828125 0.1515625 0.0921875
0 0.54140625 0.46640625 0.0546875 0.15625
0 0.52890625 0.2484375 0.1 0.065625
1 0.45546875 0.97109375 0.078125 0.0578125
0 0.51171875 0.909375 0.109375 0.134375