1 0.475 0.4765625 0.08125 0.0671875
1 0.41640625 0.61796875 0.053125 0.090625
1 0.84375 0.4125 0.109375 0.05
0 0.671875 0.30546875 0.096875 0.084375
0 0.76953125 0.05390625 0.2 0.103125
0 0.50703125 0.225 0.1140625 0.2953125
0 0.63125 0.72578125 0.31875 0.3421875
0 0.4484375 0.91015625 0.1765625 0.1796875
1 0.3765625 0.70703125 0.059375 0.090625
0 0.3703125 0.596875 0.071875 0.115625
1 0.46796875 0.421875 0.04375 0.0453125
0 0.64375 0.54296875 0.15 0.115625
1 0.365625 0.07421875 0.034375 0.03125
0 0.5609375 0.4015625 0.1125 0.253125
0 0.56171875 0.13046875 0.05625 0.096875