1 0.1390625 0.38515625 0.125 0.14375
1 0.17265625 0.1046875 0.0515625 0.071875
1 0.2875 0.1125 0.09375 0.15
1 0.47109375 0.07109375 0.059375 0.0953125
1 0.36328125 0.2078125 0.10625 0.125
1 0.49765625 0.21875 0.065625 0.103125
1 0.52890625 0.14609375 0.078125 0.1109375
1 0.5921875 0.1625 0.05 0.140625
1 0.68203125 0.2921875 0.09375 0.1875
1 0.684375 0.1390625 0.0890625 0.25625
1 0.5609375 0.3078125 0.0703125 0.15
1 0.45546875 0.35078125 0.065625 0.1296875
1 0.31640625 0.39140625 0.11875 0.2078125
1 0.04140625 0.68828125 0.078125 0.1703125
1 0.209375 0.8828125 0.090625 0.065625
1 0.3625 0.8140625 0.0515625 0.09375
1 0.39921875 0.6890625 0.09375 0.1375
1 0.50546875 0.65703125 0.059375 0.1328125
1 0.5 0.78515625 0.05625 0.0734375
1 0.5640625 0.584375 0.04375 0.06875
1 0.54296875 0.646875 0.021875 0.053125
1 0.59921875 0.54921875 0.025 0.0734375
1 0.67890625 0.459375 0.034375 0.09375
1 0.6796875 0.5328125 0.028125 0.05
1 0.6796875 0.5984375 0.028125 0.078125
1 0.64609375 0.64921875 0.025 0.0515625
1 0.66328125 0.71953125 0.0234375 0.0515625
1 0.746875 0.75 0.015625 0.078125
1 0.746875 0.6515625 0.025 0.06875
1 0.7234375 0.69296875 0.021875 0.0578125
1 0.71484375 0.5359375 0.0140625 0.09375
1 0.73125 0.4453125 0.028125 0.04375
1 0.7640625 0.51484375 0.01875 0.0578125
1 0.2875 0.6265625 0.15 0.15
1 0.41875 0.48203125 0.0703125 0.0671875
1 0.5640625 0.40859375 0.1375 0.234375
1 0.42265625 0.109375 0.090625 0.075
1 0.2859375 0.021875 0.14375 0.04375
1 0.67265625 0.9140625 0.0765625 0.16875
1 0.60625 0.95078125 0.0828125 0.0984375
1 0.74453125 0.8578125 0.034375 0.1046875
1 0.72109375 0.90234375 0.0859375 0.0859375
1 0.80234375 0.69140625 0.04375 0.0640625
1 0.7984375 0.6453125 0.059375 0.0390625
1 0.75546875 0.571875 0.06875 0.0453125
1 0.81484375 0.5125 0.040625 0.071875
1 0.60546875 0.67578125 0.053125 0.08125
1 0.603125 0.82890625 0.05 0.0453125
1 0.7796875 0.75234375 0.034375 0.040625
1 0.8734375 0.70234375 0.03125 0.065625
1 0.8421875 0.6703125 0.01875 0.03125
1 0.82734375 0.68359375 0.021875 0.034375
1 0.8140625 0.62265625 0.0375 0.0234375
1 0.8390625 0.58125 0.03125 0.05625
1 0.7875 0.57578125 0.021875 0.053125
1 0.17109375 0.0171875 0.0875 0.034375