1 0.6203125 0.03828125 0.1625 0.071875
1 0.9703125 0.559375 0.059375 0.096875
1 0.10703125 0.19453125 0.1 0.065625
1 0.21953125 0.1171875 0.09375 0.1109375
1 0.20625 0.4375 0.2875 0.15
1 0.50859375 0.440625 0.1515625 0.0546875
0 0.47890625 0.6625 0.140625 0.0703125
1 0.71953125 0.5890625 0.1546875 0.065625
1 0.1921875 0.82421875 0.103125 0.065625
1 0.35546875 0.8109375 0.046875 0.0546875
1 0.74296875 0.253125 0.13125 0.065625
1 0.82890625 0.103125 0.1671875 0.0734375
1 0.765625 0.18203125 0.125 0.06875
1 0.95234375 0.13203125 0.071875 0.08125
1 0.81640625 0.0453125 0.259375 0.090625
1 0.5953125 0.22734375 0.1109375 0.159375
0 0.4234375 0.09765625 0.18125 0.19375
0 0.903125 0.59140625 0.08125 0.0703125
1 0.50078125 0.559375 0.209375 0.09375
1 0.1828125 0.61484375 0.14375 0.096875
1 0.16015625 0.6890625 0.1 0.0671875