1 0.325 0.165625 0.203125 0.24375
1 0.5703125 0.10625 0.153125 0.20625
1 0.7703125 0.1453125 0.1234375 0.1421875
1 0.83828125 0.4203125 0.3109375 0.278125
1 0.96796875 0.53984375 0.059375 0.05625
1 0.803125 0.5546875 0.1203125 0.06875
1 0.17421875 0.52109375 0.175 0.1171875
1 0.1421875 0.29375 0.171875 0.18125
1 0.26640625 0.65546875 0.11875 0.1140625
1 0.03984375 0.5296875 0.065625 0.046875
1 0.08984375 0.60234375 0.0703125 0.0375
1 0.13046875 0.625 0.0875 0.053125
1 0.08046875 0.6796875 0.128125 0.15
1 0.1875 0.67734375 0.0921875 0.103125
1 0.48046875 0.5171875 0.384375 0.259375