1 0.421875 0.75 0.2421875 0.34375
1 0.79375 0.8328125 0.3375 0.33125
1 0.48828125 0.1453125 0.3140625 0.2875
1 0.35 0.3609375 0.2453125 0.159375
1 0.1671875 0.36953125 0.1125 0.096875
1 0.19296875 0.496875 0.1265625 0.178125
1 0.23515625 0.73203125 0.0828125 0.078125
1 0.225 0.92890625 0.1125 0.121875
1 0.12578125 0.69375 0.1125 0.271875
1 0.0765625 0.86015625 0.146875 0.2796875
1 0.3078125 0.453125 0.08125 0.05625
1 0.33203125 0.55546875 0.1125 0.0921875
1 0.55546875 0.9453125 0.0703125 0.0625
1 0.3390625 0.97578125 0.1265625 0.0421875
0 0.440625 0.46171875 0.1296875 0.134375