1 0.28984375 0.134375 0.240625 0.26875
1 0.53671875 0.85703125 0.121875 0.13125
1 0.63359375 0.421875 0.196875 0.2578125
1 0.67109375 0.61328125 0.08125 0.0921875
1 0.76171875 0.7953125 0.13125 0.159375
1 0.83828125 0.91875 0.1671875 0.1625
1 0.88515625 0.759375 0.165625 0.2375
1 0.8046875 0.64375 0.028125 0.084375
1 0.74765625 0.47265625 0.1140625 0.3109375
1 0.81796875 0.50625 0.078125 0.175
1 0.88671875 0.575 0.11875 0.2
1 0.85859375 0.4140625 0.065625 0.0734375
1 0.90078125 0.3671875 0.0640625 0.078125
1 0.83828125 0.275 0.1109375 0.159375
1 0.76328125 0.26640625 0.05 0.0546875
1 0.81875 0.146875 0.05625 0.11875
1 0.75234375 0.13671875 0.05625 0.1796875
1 0.77890625 0.03984375 0.0640625 0.0796875
1 0.60859375 0.14453125 0.215625 0.2890625
1 0.13515625 0.77890625 0.128125 0.06875
1 0.64765625 0.84921875 0.11875 0.3