1 0.16796875 0.65546875 0.33125 0.3109375
1 0.51171875 0.553125 0.1 0.1296875
0 0.24296875 0.88984375 0.4109375 0.2
0 0.6734375 0.91796875 0.1296875 0.1640625
0 0.640625 0.65078125 0.175 0.1375
0 0.49375 0.74375 0.19375 0.1453125
0 0.53984375 0.6421875 0.1640625 0.103125
0 0.6109375 0.51875 0.128125 0.215625
0 0.72109375 0.55234375 0.1 0.1625
0 0.590625 0.37734375 0.1375 0.1921875
0 0.38515625 0.25546875 0.165625 0.234375
0 0.1953125 0.12734375 0.38125 0.2453125
0 0.66875 0.24453125 0.134375 0.15625
0 0.52421875 0.06171875 0.159375 0.1234375
0 0.6484375 0.1046875 0.053125 0.196875
0 0.596875 0.16640625 0.1625 0.146875
0 0.7859375 0.4171875 0.05 0.10625
1 0.75234375 0.36953125 0.0734375 0.121875
1 0.86328125 0.540625 0.046875 0.0578125
1 0.821875 0.47265625 0.04375 0.0515625
0 0.11015625 0.37109375 0.20625 0.1625
0 0.421875 0.47265625 0.134375 0.090625