1 0.61484375 0.1390625 0.1453125 0.125
1 0.8953125 0.17265625 0.071875 0.0515625
1 0.8875 0.2875 0.15 0.09375
1 0.92890625 0.47109375 0.0953125 0.059375
1 0.7921875 0.36328125 0.125 0.10625
1 0.78125 0.49765625 0.103125 0.065625
1 0.85390625 0.52890625 0.1109375 0.078125
1 0.8375 0.5921875 0.140625 0.05
1 0.7078125 0.68203125 0.1875 0.09375
1 0.8609375 0.684375 0.25625 0.0890625
1 0.6921875 0.5609375 0.15 0.0703125
1 0.64921875 0.45546875 0.1296875 0.065625
1 0.60859375 0.31640625 0.2078125 0.11875
1 0.31171875 0.04140625 0.1703125 0.078125
1 0.1171875 0.209375 0.065625 0.0921875
1 0.1859375 0.3625 0.09375 0.0515625
1 0.3109375 0.39921875 0.1375 0.09375
1 0.34296875 0.50546875 0.1328125 0.059375
1 0.21484375 0.5 0.0734375 0.05625
1 0.415625 0.5640625 0.06875 0.04375
1 0.353125 0.54296875 0.053125 0.021875
1 0.45078125 0.59921875 0.0734375 0.025
1 0.540625 0.67890625 0.09375 0.034375
1 0.4671875 0.6796875 0.05 0.028125
1 0.4015625 0.6796875 0.078125 0.028125
1 0.35078125 0.64609375 0.0515625 0.025
1 0.28046875 0.66328125 0.0515625 0.0234375
1 0.25 0.746875 0.078125 0.015625
1 0.3484375 0.746875 0.06875 0.025
1 0.30703125 0.7234375 0.0578125 0.021875
1 0.4640625 0.71484375 0.09375 0.0140625
1 0.5546875 0.73125 0.04375 0.028125
1 0.48515625 0.7640625 0.0578125 0.01875
1 0.3734375 0.2875 0.15 0.15
1 0.51796875 0.41875 0.0671875 0.0703125
1 0.59140625 0.5640625 0.234375 0.1375
1 0.890625 0.42265625 0.075 0.0921875
1 0.978125 0.2859375 0.04375 0.14375
1 0.0859375 0.67265625 0.16875 0.0765625
1 0.04921875 0.60625 0.0984375 0.0828125
1 0.1421875 0.74453125 0.1046875 0.0359375
1 0.09765625 0.72109375 0.084375 0.0859375
1 0.30859375 0.80234375 0.0640625 0.04375
1 0.3546875 0.7984375 0.0390625 0.059375
1 0.428125 0.75546875 0.0453125 0.06875
1 0.4875 0.81484375 0.071875 0.040625
1 0.32421875 0.60546875 0.08125 0.053125
1 0.17109375 0.603125 0.0453125 0.05
1 0.24765625 0.7796875 0.040625 0.034375
1 0.29765625 0.8734375 0.065625 0.03125
1 0.3296875 0.8421875 0.03125 0.01875
1 0.31640625 0.82734375 0.034375 0.021875
1 0.37734375 0.8140625 0.0234375 0.0375
1 0.41875 0.8390625 0.0546875 0.03125
1 0.42421875 0.7875 0.053125 0.021875
1 0.9828125 0.17109375 0.034375 0.0875