1 0.5390625 0.56171875 0.0375 0.04375
1 0.5359375 0.50625 0.0328125 0.02265625
1 0.57265625 0.590625 0.0234375 0.02734375
1 0.71328125 0.59140625 0.0890625 0.03359375
1 0.60625 0.49375 0.0375 0.03359375
1 0.5859375 0.53671875 0.05546875 0.03203125
1 0.66171875 0.53515625 0.03828125 0.03125
1 0.3171875 0.59375 0.0671875 0.03125
1 0.37265625 0.55546875 0.0359375 0.04296875
1 0.64296875 0.565625 0.06015625 0.0359375
1 0.78671875 0.5765625 0.06484375 0.06328125
1 0.45234375 0.48671875 0.03984375 0.0359375