1 0.134375 0.71015625 0.26875 0.23984375
1 0.85703125 0.46328125 0.13203125 0.121875
1 0.421875 0.36640625 0.2578125 0.19765625
1 0.61328125 0.32890625 0.0921875 0.08203125
1 0.7953125 0.23828125 0.159375 0.13125
1 0.91875 0.16171875 0.1625 0.1671875
1 0.759375 0.11484375 0.2375 0.165625
1 0.64375 0.1953125 0.084375 0.028125
1 0.47265625 0.25234375 0.3109375 0.1140625
1 0.50625 0.18203125 0.17578125 0.078125
1 0.575 0.11328125 0.2 0.11875
1 0.4140625 0.14140625 0.0734375 0.06640625
1 0.3671875 0.09921875 0.078125 0.0640625
1 0.275 0.16171875 0.159375 0.1109375
1 0.26640625 0.23671875 0.0546875 0.05
1 0.146875 0.18125 0.11875 0.05546875
1 0.13671875 0.24765625 0.1796875 0.05546875
1 0.03984375 0.22109375 0.0796875 0.0640625
1 0.14453125 0.39140625 0.2890625 0.21484375
1 0.77890625 0.86484375 0.06875 0.128125
1 0.84921875 0.35234375 0.30078125 0.11875