1 0.5328125 0.56484375 0.05625 0.059375
1 0.3515625 0.56015625 0.046875 0.034375
1 0.40703125 0.5140625 0.0375 0.0265625
1 0.70546875 0.58046875 0.0671875 0.04375
1 0.6359375 0.56796875 0.04375 0.0328125
1 0.65859375 0.58984375 0.034375 0.03125
1 0.58125 0.5609375 0.0359375 0.028125
1 0.5390625 0.59453125 0.0578125 0.028125
1 0.60859375 0.52578125 0.05625 0.03125
1 0.5359375 0.51171875 0.0625 0.040625
1 0.4421875 0.4796875 0.021875 0.01875
1 0.4640625 0.459375 0.015625 0.0171875
1 0.3109375 0.59296875 0.04375 0.0234375