1 0.65546875 0.83203125 0.3109375 0.33125
1 0.553125 0.48828125 0.1296875 0.1
0 0.88984375 0.75703125 0.2 0.4109375
0 0.91796875 0.3265625 0.1640625 0.1296875
0 0.65078125 0.359375 0.1375 0.175
0 0.74375 0.50625 0.1453125 0.19375
0 0.6421875 0.46015625 0.103125 0.1640625
0 0.51875 0.3890625 0.215625 0.128125
0 0.55234375 0.27890625 0.1625 0.1
0 0.37734375 0.409375 0.1921875 0.1375
0 0.25546875 0.61484375 0.2359375 0.165625
0 0.12734375 0.8046875 0.2453125 0.38125
0 0.24453125 0.33125 0.15625 0.134375
0 0.06171875 0.47578125 0.1234375 0.159375
0 0.1046875 0.3515625 0.196875 0.053125
0 0.16640625 0.403125 0.146875 0.1640625
0 0.4171875 0.2140625 0.10625 0.05
1 0.36953125 0.24765625 0.121875 0.0734375
1 0.540625 0.13671875 0.0578125 0.046875
1 0.47265625 0.178125 0.0515625 0.04375
0 0.37109375 0.88984375 0.1625 0.20625
0 0.47265625 0.578125 0.090625 0.134375