1 0.578125 0.25 0.2421875 0.34375
1 0.20625 0.1671875 0.3375 0.33125
1 0.51171875 0.8546875 0.3140625 0.2875
1 0.65 0.6390625 0.2453125 0.159375
1 0.8328125 0.63046875 0.1125 0.0984375
1 0.80703125 0.503125 0.1265625 0.178125
1 0.76484375 0.26796875 0.0828125 0.078125
1 0.775 0.07109375 0.1125 0.121875
1 0.87421875 0.30625 0.1125 0.271875
1 0.9234375 0.13984375 0.146875 0.2796875
1 0.6921875 0.546875 0.08125 0.05625
1 0.66796875 0.44453125 0.1125 0.0921875
1 0.44453125 0.0546875 0.0703125 0.0625
1 0.6609375 0.02421875 0.1265625 0.0421875
0 0.559375 0.53828125 0.1296875 0.134375