1 0.34453125 0.45078125 0.0578125 0.040625
1 0.290625 0.409375 0.05 0.028125
1 0.63515625 0.3953125 0.0703125 0.025
1 0.6421875 0.43984375 0.08125 0.05
1 0.4265625 0.428125 0.053125 0.028125
1 0.21015625 0.45703125 0.059375 0.034375
1 0.14140625 0.39453125 0.0671875 0.0234375
1 0.503125 0.43203125 0.034375 0.0375
1 0.3484375 0.4125 0.059375 0.0375
1 0.42578125 0.46875 0.071875 0.053125
1 0.36484375 0.5078125 0.0546875 0.0421875
1 0.43125 0.53984375 0.0734375 0.0296875
1 0.521875 0.52578125 0.059375 0.0203125