1 0.75 0.421875 0.34375 0.2421875
1 0.8328125 0.79375 0.33125 0.3375
1 0.1453125 0.48828125 0.2875 0.3140625
1 0.3609375 0.35 0.15859375 0.2453125
1 0.36953125 0.1671875 0.09765625 0.11328125
1 0.496875 0.19296875 0.178125 0.1265625
1 0.73203125 0.23515625 0.07890625 0.0828125
1 0.92890625 0.225 0.12265625 0.1125
1 0.69375 0.12578125 0.27109375 0.11328125
1 0.86015625 0.0765625 0.2796875 0.146875
1 0.453125 0.3078125 0.05546875 0.08203125
1 0.55546875 0.33203125 0.0921875 0.11171875
1 0.9453125 0.55546875 0.0625 0.0703125
1 0.97578125 0.3390625 0.0421875 0.1265625
0 0.46171875 0.440625 0.134375 0.1296875