1 0.52578125 0.659375 0.2765625 0.1359375
1 0.22265625 0.85390625 0.4203125 0.2859375
1 0.5 0.940625 0.19375 0.1140625
1 0.709375 0.94609375 0.1125 0.103125
1 0.64140625 0.7859375 0.2484375 0.14375
1 0.71875 0.56953125 0.128125 0.10625
1 0.8796875 0.69453125 0.2375 0.315625
1 0.63671875 0.4890625 0.1171875 0.05625
1 0.60234375 0.428125 0.1109375 0.065625
1 0.509375 0.49453125 0.06875 0.0609375
1 0.14375 0.5375 0.14375 0.0640625
1 0.0265625 0.59609375 0.053125 0.0640625
1 0.10390625 0.596875 0.0734375 0.04375
1 0.2140625 0.484375 0.11875 0.053125
1 0.3125 0.4390625 0.178125 0.1
1 0.42265625 0.3609375 0.0859375 0.0609375
1 0.496875 0.31953125 0.115625 0.034375
1 0.1171875 0.75390625 0.1 0.065625
1 0.82265625 0.42578125 0.3546875 0.215625
1 0.5796875 0.56953125 0.05 0.10625
1 0.33828125 0.54453125 0.04375 0.053125
1 0.0640625 0.4796875 0.128125 0.1609375
1 0.33046875 0.35390625 0.0640625 0.0671875
1 0.47421875 0.4078125 0.0375 0.04375
1 0.434375 0.38515625 0.0546875 0.0296875
1 0.4265625 0.3625 0.09375 0.025
1 0.5015625 0.42578125 0.0484375 0.0375
1 0.62578125 0.30625 0.0546875 0.053125
1 0.296875 0.67734375 0.103125 0.159375
1 0.409375 0.32265625 0.065625 0.05