1 0.78984375 0.49296875 0.1328125 0.08046875
1 0.334375 0.4859375 0.128125 0.0609375
1 0.18125 0.46640625 0.096875 0.04453125
1 0.528125 0.6015625 0.18125 0.15859375
1 0.11171875 0.584375 0.1078125 0.08046875
1 0.89765625 0.75390625 0.1859375 0.103125
0 0.86796875 0.64921875 0.19296875 0.08671875
1 0.71953125 0.65625 0.12890625 0.10546875
1 0.72734375 0.771875 0.13046875 0.090625
1 0.5328125 0.66953125 0.16953125 0.09921875
1 0.646875 0.4703125 0.0828125 0.0546875
1 0.90546875 0.33515625 0.15390625 0.04609375
0 0.47734375 0.88515625 0.0859375 0.2296875
0 0.234375 0.56640625 0.09921875 0.1
0 0.2921875 0.6359375 0.30078125 0.128125
1 0.63828125 0.72109375 0.0921875 0.1515625
0 0.46640625 0.45859375 0.15546875 0.0546875
0 0.2484375 0.47109375 0.06484375 0.1
1 0.97109375 0.54453125 0.0578125 0.078125
0 0.909375 0.48828125 0.13515625 0.11015625