1 0.65703125 0.29921875 0.0828125 0.134375
1 0.82109375 0.38828125 0.0859375 0.09375
1 0.41875 0.60234375 0.05 0.078125
1 0.45 0.496875 0.1 0.0578125
1 0.34921875 0.46015625 0.046875 0.0375
1 0.3359375 0.415625 0.021875 0.040625
1 0.34453125 0.3421875 0.0265625 0.084375
1 0.82421875 0.2234375 0.109375 0.1625
1 0.52109375 0.5765625 0.053125 0.0875
1 0.54140625 0.3484375 0.1 0.1125
1 0.76171875 0.54921875 0.1625 0.1046875
1 0.32890625 0.57734375 0.075 0.096875
0 0.7484375 0.6828125 0.19375 0.10625
0 0.8640625 0.76171875 0.1 0.1671875
1 0.909375 0.57421875 0.18125 0.546875
1 0.87421875 0.190625 0.2515625 0.271875
0 0.6421875 0.49375 0.109375 0.209375
0 0.5578125 0.92890625 0.1875 0.1421875
1 0.421875 0.43828125 0.059375 0.0625
1 0.55703125 0.52421875 0.134375 0.184375
0 0.378125 0.5984375 0.059375 0.071875
0 0.72109375 0.82109375 0.1671875 0.184375
0 0.92578125 0.3484375 0.146875 0.1796875
0 0.34609375 0.49609375 0.0609375 0.0390625
0 0.28828125 0.4390625 0.025 0.09375
1 0.271875 0.42421875 0.01875 0.015625