1 0.396875 0.63125 0.459375 0.171875
1 0.70234375 0.32734375 0.2453125 0.09453125
1 0.12265625 0.90234375 0.1890625 0.19140625
0 0.56484375 0.32578125 0.178125 0.1265625
0 0.384375 0.44140625 0.09453125 0.121875
1 0.8984375 0.409375 0.1390625 0.04921875
1 0.4171875 0.103125 0.10390625 0.06171875
1 0.1734375 0.49609375 0.0609375 0.0421875
1 0.33359375 0.93671875 0.225 0.1265625
1 0.62890625 0.73984375 0.15546875 0.07421875
1 0.95078125 0.553125 0.08203125 0.0671875
0 0.875 0.21171875 0.25 0.16875
0 0.08984375 0.58359375 0.1515625 0.12421875
0 0.26484375 0.54453125 0.171875 0.10078125
0 0.575 0.81640625 0.22109375 0.13671875
0 0.78515625 0.67265625 0.09375 0.0609375
0 0.16015625 0.171875 0.28828125 0.0953125
1 0.2375 0.06953125 0.078125 0.04453125
1 0.88515625 0.25 0.05703125 0.05859375