1 0.66015625 0.4546875 0.1453125 0.115625
1 0.9296875 0.6515625 0.134375 0.1375
1 0.95625 0.4265625 0.071875 0.053125
1 0.3921875 0.446875 0.1703125 0.065625
1 0.02734375 0.43359375 0.0546875 0.053125
1 0.19609375 0.4234375 0.0828125 0.0265625
0 0.14296875 0.71328125 0.2859375 0.334375
0 0.534375 0.5390625 0.48125 0.109375
0 0.66171875 0.6203125 0.3265625 0.3
0 0.828125 0.44296875 0.21875 0.165625
0 0.8765625 0.52109375 0.246875 0.1515625
0 0.4328125 0.72890625 0.334375 0.2125
0 0.896875 0.7421875 0.20625 0.2890625
1 0.146875 0.49765625 0.29375 0.1140625
1 0.54296875 0.35390625 0.190625 0.0546875
0 0.5390625 0.4359375 0.184375 0.109375
0 0.69921875 0.29609375 0.1328125 0.09375
0 0.87265625 0.309375 0.2546875 0.0609375
0 0.509375 0.32578125 0.2328125 0.096875
0 0.35625 0.31171875 0.2625 0.05
0 0.13203125 0.31875 0.2625 0.078125