1 0.1015625 0.4953125 0.19375 0.303125
1 0.296875 0.46640625 0.0765625 0.1015625
1 0.2078125 0.57890625 0.06875 0.2109375
1 0.14609375 0.72265625 0.0890625 0.1453125
1 0.28828125 0.6609375 0.05 0.065625
1 0.4171875 0.62421875 0.0375 0.0828125
1 0.2390625 0.2671875 0.046875 0.078125
1 0.34140625 0.27265625 0.046875 0.0890625
1 0.375 0.33359375 0.10625 0.0953125
1 0.4234375 0.375 0.05 0.046875
1 0.50234375 0.35703125 0.046875 0.0421875
1 0.578125 0.34296875 0.046875 0.0640625
1 0.46640625 0.4171875 0.025 0.06875
1 0.52734375 0.5296875 0.071875 0.1125
1 0.49375 0.65 0.046875 0.1
1 0.49609375 0.74296875 0.06875 0.0828125
1 0.5828125 0.475 0.0296875 0.103125
1 0.61015625 0.57265625 0.034375 0.0328125
1 0.06796875 0.1078125 0.128125 0.20625
1 0.34296875 0.909375 0.09375 0.1125
1 0.34765625 0.1625 0.05 0.03125
1 0.40078125 0.18359375 0.0375 0.0203125