1 0.490625 0.76328125 0.471875 0.309375
1 0.6046875 0.5875 0.0625 0.05
1 0.69296875 0.55390625 0.0859375 0.0390625
0 0.85703125 0.84453125 0.284375 0.3109375
0 0.153125 0.7453125 0.2078125 0.1359375
1 0.0265625 0.8578125 0.053125 0.203125
0 0.0765625 0.634375 0.153125 0.0671875
0 0.225 0.61640625 0.184375 0.09375
0 0.27578125 0.89453125 0.234375 0.2109375
0 0.49609375 0.94140625 0.05625 0.1171875
0 0.590625 0.93359375 0.390625 0.1328125
1 0.1015625 0.453125 0.1296875 0.053125
1 0.84375 0.50859375 0.046875 0.040625
0 0.12734375 0.8859375 0.2546875 0.178125