1 0.596875 0.23046875 0.23125 0.35625
1 0.26484375 0.6828125 0.075 0.2375
1 0.68984375 0.73359375 0.5875 0.484375
1 0.253125 0.0296875 0.065625 0.05625
1 0.190625 0.59921875 0.0875 0.153125
0 0.1984375 0.446875 0.0875 0.103125
0 0.34453125 0.32890625 0.1125 0.1921875
0 0.365625 0.08828125 0.1140625 0.1625
1 0.34140625 0.75703125 0.1 0.2296875
1 0.4921875 0.51640625 0.121875 0.26875
1 0.65625 0.48359375 0.240625 0.334375
1 0.14609375 0.6796875 0.128125 0.1546875
1 0.0859375 0.63203125 0.0625 0.0921875