1 0.5453125 0.33984375 0.115625 0.1453125
1 0.3484375 0.0703125 0.1375 0.134375
1 0.5734375 0.04375 0.053125 0.071875
1 0.553125 0.6078125 0.065625 0.1703125
1 0.56640625 0.97265625 0.053125 0.0546875
1 0.5765625 0.80390625 0.0265625 0.0828125
0 0.28671875 0.85703125 0.334375 0.2859375
0 0.4609375 0.465625 0.109375 0.48125
0 0.3796875 0.33828125 0.3 0.3265625
0 0.55703125 0.171875 0.165625 0.21875
0 0.47890625 0.1234375 0.1515625 0.246875
0 0.27109375 0.5671875 0.2125 0.334375
0 0.2578125 0.103125 0.2875 0.20625
1 0.50234375 0.853125 0.1125 0.29375
1 0.64609375 0.45703125 0.0546875 0.190625
0 0.5640625 0.4609375 0.109375 0.184375
0 0.70390625 0.30078125 0.09375 0.1328125
0 0.690625 0.12734375 0.0609375 0.2546875
0 0.67421875 0.490625 0.096875 0.23125
0 0.68828125 0.64375 0.05 0.2625
0 0.68125 0.86796875 0.078125 0.2625