1 0.509375 0.76328125 0.47109375 0.30859375
1 0.3953125 0.5875 0.06171875 0.05
1 0.30703125 0.55390625 0.0859375 0.0390625
0 0.14296875 0.84453125 0.28515625 0.3109375
0 0.846875 0.7453125 0.2078125 0.1359375
1 0.9734375 0.8578125 0.053125 0.20390625
0 0.9234375 0.634375 0.153125 0.0671875
0 0.775 0.61640625 0.18359375 0.09375
0 0.72421875 0.89453125 0.234375 0.2109375
0 0.50390625 0.94140625 0.05703125 0.1171875
0 0.409375 0.93359375 0.390625 0.1328125
1 0.8984375 0.453125 0.1296875 0.05390625
1 0.15625 0.50859375 0.04765625 0.04140625
0 0.87265625 0.8859375 0.2546875 0.17890625