1 0.17734375 0.39609375 0.246875 0.3984375
1 0.14453125 0.71328125 0.071875 0.115625
1 0.40546875 0.5203125 0.090625 0.1625
1 0.2609375 0.134375 0.171875 0.26875
1 0.33984375 0.3828125 0.125 0.240625
1 0.4828125 0.44296875 0.075 0.128125
1 0.4828125 0.67109375 0.046875 0.1125
1 0.5171875 0.6109375 0.034375 0.1
1 0.546875 0.559375 0.0484375 0.0578125
1 0.55703125 0.6625 0.0515625 0.115625
1 0.60859375 0.7234375 0.05625 0.1421875
1 0.56171875 0.7921875 0.065625 0.0875
1 0.58828125 0.6328125 0.046875 0.0875
1 0.6296875 0.60234375 0.03125 0.10625
1 0.66484375 0.60546875 0.0265625 0.075
1 0.68984375 0.6765625 0.059375 0.0953125
1 0.69375 0.74765625 0.0828125 0.0625
1 0.5 0.8359375 0.0625 0.053125
1 0.3203125 0.91640625 0.315625 0.1453125
1 0.4296875 0.21640625 0.0765625 0.1125
1 0.45 0.315625 0.090625 0.09375
1 0.3109375 0.66640625 0.190625 0.2125