1 0.4203125 0.46796875 0.2765625 0.215625
1 0.67421875 0.47265625 0.046875 0.059375
0 0.153125 0.4125 0.30625 0.446875
0 0.2015625 0.80390625 0.4 0.3921875
1 0.57109375 0.909375 0.190625 0.18125
1 0.74765625 0.46640625 0.0640625 0.121875
1 0.26640625 0.0515625 0.2359375 0.103125
0 0.31484375 0.27578125 0.390625 0.26875
1 0.8125 0.4828125 0.03125 0.05625
0 0.55390625 0.765625 0.2 0.2015625
0 0.603125 0.4453125 0.109375 0.059375
0 0.78671875 0.94921875 0.0859375 0.1
1 0.70546875 0.13828125 0.05625 0.115625