1 0.33984375 0.3984375 0.10625 0.1625
1 0.1390625 0.6875 0.2171875 0.178125
1 0.3328125 0.67421875 0.096875 0.2046875
1 0.43046875 0.49453125 0.0640625 0.0890625
1 0.47109375 0.61640625 0.0390625 0.0515625
1 0.5671875 0.36875 0.0359375 0.04375
1 0.5359375 0.05703125 0.075 0.1140625
1 0.63203125 0.6203125 0.0390625 0.065625
1 0.68828125 0.6671875 0.034375 0.090625
1 0.6953125 0.52890625 0.0359375 0.0484375
1 0.73984375 0.553125 0.025 0.046875
1 0.7546875 0.58203125 0.028125 0.0390625
1 0.5640625 0.73046875 0.040625 0.0421875
1 0.72265625 0.40859375 0.0140625 0.0265625
1 0.44921875 0.76015625 0.14375 0.146875
1 0.5578125 0.81015625 0.10625 0.103125
1 0.4125 0.90546875 0.825 0.1890625
0 0.14140625 0.3453125 0.2828125 0.41875
0 0.7046875 0.7828125 0.153125 0.0546875
1 0.59921875 0.63203125 0.034375 0.03125
1 0.61484375 0.671875 0.03125 0.05
1 0.5328125 0.6703125 0.0390625 0.0375
1 0.7703125 0.60390625 0.0171875 0.0265625