1 0.625 0.67578125 0.146875 0.25390625
1 0.7546875 0.65859375 0.109375 0.15859375
1 0.60859375 0.5015625 0.1203125 0.08984375
1 0.403125 0.44765625 0.103125 0.11328125
1 0.4640625 0.68046875 0.08125 0.11953125
1 0.5125 0.42265625 0.059375 0.1046875
1 0.59921875 0.32421875 0.0671875 0.05078125
1 0.45390625 0.28828125 0.0609375 0.0390625
1 0.528125 0.35078125 0.06875 0.06875
1 0.58125 0.28359375 0.06875 0.05390625
1 0.5578125 0.21328125 0.1 0.06875
0 0.925 0.4921875 0.14921875 0.1859375
0 0.8484375 0.36953125 0.1859375 0.1296875
1 0.3078125 0.415625 0.07578125 0.103125
1 0.7109375 0.2734375 0.05859375 0.04296875
1 0.68515625 0.22734375 0.096875 0.0546875
1 0.31953125 0.58046875 0.13046875 0.184375
1 0.41796875 0.35078125 0.1484375 0.11328125
1 0.66171875 0.3953125 0.0984375 0.08359375
1 0.51875 0.278125 0.0671875 0.08671875