1 0.43671875 0.87890625 0.05625 0.0984375
1 0.63125 0.9625 0.0609375 0.075
1 0.703125 0.68203125 0.3828125 0.2328125
1 0.9375 0.609375 0.11875 0.58125
1 0.9375 0.21171875 0.11875 0.1609375
1 0.59375 0.03046875 0.0421875 0.0578125
1 0.46484375 0.028125 0.0328125 0.053125
1 0.3625 0.2015625 0.040625 0.096875
1 0.390625 0.57421875 0.040625 0.0484375
1 0.434375 0.6375 0.0515625 0.071875
1 0.26796875 0.47578125 0.01875 0.0859375
1 0.30078125 0.45625 0.01875 0.05625
1 0.51015625 0.875 0.08125 0.121875
1 0.575 0.309375 0.265625 0.415625
1 0.8484375 0.2109375 0.303125 0.421875
1 0.40546875 0.28984375 0.059375 0.0875
1 0.33203125 0.80078125 0.0625 0.0546875
1 0.284375 0.7203125 0.0375 0.0671875
1 0.3125 0.59375 0.040625 0.0484375
1 0.3578125 0.4875 0.08125 0.1125
1 0.49453125 0.74609375 0.071875 0.10625
1 0.84609375 0.92109375 0.3 0.15
0 0.478125 0.546875 0.0484375 0.23125
0 0.56015625 0.52421875 0.090625 0.19375
1 0.82734375 0.415625 0.3453125 0.328125
1 0.41328125 0.69140625 0.103125 0.246875