1 0.4140625 0.4484375 0.575 0.4453125
1 0.74921875 0.375 0.1984375 0.1234375
1 0.71640625 0.66796875 0.1296875 0.0921875
1 0.7515625 0.03828125 0.190625 0.0734375
1 0.953125 0.7015625 0.09375 0.053125
1 0.3609375 0.71640625 0.125 0.0375
1 0.4984375 0.79140625 0.1125 0.0375
1 0.446875 0.83515625 0.153125 0.053125
1 0.95703125 0.24609375 0.084375 0.19375
1 0.0359375 0.671875 0.071875 0.084375
1 0.12109375 0.728125 0.059375 0.0546875
1 0.0734375 0.74609375 0.121875 0.06875
1 0.3953125 0.75390625 0.1765625 0.065625
1 0.50546875 0.7 0.121875 0.05625
1 0.82421875 0.76171875 0.1296875 0.05
1 0.7984375 0.784375 0.1671875 0.0484375
1 0.67421875 0.78203125 0.0484375 0.053125
1 0.9328125 0.7734375 0.0625 0.0359375
1 0.96171875 0.59296875 0.05625 0.0578125
1 0.92265625 0.53671875 0.08125 0.0421875
1 0.721875 0.81796875 0.084375 0.028125
1 0.81484375 0.821875 0.084375 0.053125
1 0.703125 0.584375 0.0703125 0.05
1 0.06171875 0.45078125 0.1234375 0.159375
1 0.41640625 0.28828125 0.1859375 0.1875
1 0.5328125 0.5828125 0.0921875 0.0625
1 0.8578125 0.37109375 0.096875 0.096875
1 0.25390625 0.1875 0.2109375 0.3640625
1 0.09765625 0.4578125 0.1953125 0.246875