1 0.53828125 0.73671875 0.2296875 0.3015625
0 0.0765625 0.59296875 0.1390625 0.12109375
0 0.0875 0.715625 0.1328125 0.09296875
0 0.32265625 0.5203125 0.13203125 0.084375
0 0.584375 0.5296875 0.13125 0.08828125
0 0.6375 0.4421875 0.0625 0.078125
0 0.33984375 0.703125 0.20390625 0.18125
0 0.2921875 0.8984375 0.259375 0.20234375
0 0.225 0.9171875 0.3 0.165625
0 0.446875 0.63984375 0.075 0.0875
0 0.18984375 0.57421875 0.103125 0.06484375
0 0.071875 0.93203125 0.04296875 0.08359375
1 0.40390625 0.93203125 0.0625 0.10234375