1 0.5046875 0.8984375 0.303125 0.19453125
1 0.53359375 0.703125 0.1015625 0.0765625
1 0.42109375 0.7921875 0.2109375 0.06796875
1 0.27734375 0.85390625 0.1453125 0.0890625
1 0.3390625 0.71171875 0.065625 0.05078125
1 0.37578125 0.5828125 0.0828125 0.03828125
1 0.7328125 0.7609375 0.078125 0.046875
1 0.72734375 0.65859375 0.0890625 0.046875
1 0.66640625 0.625 0.0953125 0.10625
1 0.625 0.5765625 0.046875 0.05078125
1 0.64296875 0.49765625 0.0421875 0.046875
1 0.65703125 0.421875 0.0640625 0.046875
1 0.5828125 0.53359375 0.06875 0.02578125
1 0.4703125 0.47265625 0.1125 0.071875
1 0.35 0.50625 0.1 0.046875
1 0.25703125 0.50390625 0.0828125 0.06796875
1 0.525 0.4171875 0.103125 0.0296875
1 0.42734375 0.38984375 0.0328125 0.03359375
1 0.8921875 0.93203125 0.20625 0.12734375
1 0.090625 0.65703125 0.1125 0.09296875
1 0.8375 0.65234375 0.03125 0.05078125
1 0.81640625 0.59921875 0.0203125 0.03828125