1 0.60390625 0.17734375 0.3984375 0.246875
1 0.28671875 0.14453125 0.115625 0.071875
1 0.4796875 0.40546875 0.1625 0.090625
1 0.865625 0.2609375 0.26875 0.171875
1 0.6171875 0.33984375 0.240625 0.125
1 0.55703125 0.4828125 0.128125 0.075
1 0.32890625 0.4828125 0.1125 0.046875
1 0.3890625 0.5171875 0.1 0.034375
1 0.440625 0.546875 0.0578125 0.0484375
1 0.3375 0.55703125 0.115625 0.0515625
1 0.2765625 0.60859375 0.1421875 0.05625
1 0.2078125 0.56171875 0.0875 0.065625
1 0.3671875 0.58828125 0.0875 0.046875
1 0.39765625 0.6296875 0.10625 0.03125
1 0.39453125 0.66484375 0.075 0.0265625
1 0.3234375 0.68984375 0.0953125 0.059375
1 0.25234375 0.69375 0.0625 0.0828125
1 0.1640625 0.5 0.053125 0.0625
1 0.08359375 0.3203125 0.1453125 0.315625
1 0.78359375 0.4296875 0.1125 0.0765625
1 0.684375 0.45 0.09375 0.090625
1 0.33359375 0.3109375 0.2125 0.190625