1 0.66015625 0.6015625 0.10625 0.1625
1 0.8609375 0.3125 0.2171875 0.178125
1 0.6671875 0.32578125 0.096875 0.2046875
1 0.56953125 0.50546875 0.0640625 0.0890625
1 0.52890625 0.38359375 0.0390625 0.0515625
1 0.4328125 0.63125 0.0359375 0.04375
1 0.4640625 0.94296875 0.075 0.1140625
1 0.36796875 0.3796875 0.0390625 0.065625
1 0.31171875 0.3328125 0.034375 0.090625
1 0.3046875 0.47109375 0.0359375 0.0484375
1 0.26015625 0.446875 0.025 0.046875
1 0.2453125 0.41796875 0.028125 0.0390625
1 0.4359375 0.26953125 0.040625 0.0421875
1 0.27734375 0.59140625 0.0140625 0.0265625
1 0.55078125 0.23984375 0.14375 0.146875
1 0.4421875 0.18984375 0.10625 0.103125
1 0.5875 0.09453125 0.825 0.1875
0 0.85859375 0.6546875 0.2828125 0.41875
0 0.2953125 0.2171875 0.153125 0.0546875
1 0.40078125 0.36796875 0.034375 0.03125
1 0.38515625 0.328125 0.03125 0.05
1 0.4671875 0.3296875 0.0390625 0.0375
1 0.2296875 0.39609375 0.0171875 0.0265625