1 0.45 0.72890625 0.340625 0.31875
1 0.53125 0.49140625 0.15 0.115625
1 0.41640625 0.55 0.0734375 0.0890625
1 0.3 0.5015625 0.071875 0.040625
1 0.18515625 0.478125 0.0703125 0.04375
0 0.04296875 0.34296875 0.0859375 0.059375
1 0.278125 0.72109375 0.55625 0.55625
1 0.76171875 0.7578125 0.4765625 0.484375
1 0.30703125 0.4234375 0.075 0.0734375
0 0.2390625 0.43203125 0.05 0.0640625
1 0.28515625 0.30546875 0.1078125 0.03125
0 0.41953125 0.36171875 0.109375 0.11875
0 0.35390625 0.3875 0.1609375 0.096875
0 0.52734375 0.396875 0.153125 0.11875