1 0.625 0.32421875 0.146875 0.253125
1 0.7546875 0.34140625 0.109375 0.159375
1 0.60859375 0.4984375 0.1203125 0.090625
1 0.403125 0.55234375 0.103125 0.1125
1 0.4640625 0.31953125 0.08125 0.11875
1 0.5125 0.57734375 0.059375 0.1046875
1 0.59921875 0.67578125 0.0671875 0.05
1 0.45390625 0.71171875 0.0609375 0.0390625
1 0.528125 0.64921875 0.06875 0.06875
1 0.58125 0.71640625 0.06875 0.053125
1 0.5578125 0.78671875 0.1 0.06875
0 0.925 0.5078125 0.15 0.1859375
0 0.8484375 0.63046875 0.1859375 0.1296875
1 0.3078125 0.584375 0.075 0.103125
1 0.7109375 0.7265625 0.059375 0.04375
1 0.68515625 0.77265625 0.096875 0.0546875
1 0.31953125 0.41953125 0.13125 0.184375
1 0.41796875 0.64921875 0.1484375 0.1125
1 0.66171875 0.6046875 0.0984375 0.084375
1 0.51875 0.721875 0.0671875 0.0875