1 0.58984375 0.8625 0.2859375 0.275
1 0.21953125 0.740625 0.2265625 0.4359375
1 0.6203125 0.41796875 0.090625 0.175
1 0.740625 0.4609375 0.11875 0.1
1 0.69765625 0.55 0.1234375 0.1
1 0.45625 0.5484375 0.096875 0.175
1 0.34765625 0.44453125 0.0953125 0.1609375
1 0.45859375 0.4015625 0.0671875 0.06953125
1 0.471875 0.315625 0.04375 0.0640625
1 0.54140625 0.28046875 0.1171875 0.05
1 0.54453125 0.3515625 0.0671875 0.04140625
1 0.559375 0.45703125 0.075 0.053125
1 0.56640625 0.54453125 0.0734375 0.05546875
1 0.48203125 0.21953125 0.0890625 0.071875
1 0.934375 0.5234375 0.13125 0.38046875
1 0.90078125 0.83203125 0.1984375 0.3359375
1 0.54296875 0.05703125 0.2546875 0.1078125
1 0.80078125 0.2578125 0.1796875 0.11171875