1 0.3984375 0.66015625 0.1625 0.10546875
1 0.6875 0.8609375 0.178125 0.2171875
1 0.67421875 0.6671875 0.2046875 0.09765625
1 0.49453125 0.56953125 0.0890625 0.0640625
1 0.61640625 0.52890625 0.0515625 0.0390625
1 0.36875 0.4328125 0.04375 0.0359375
1 0.05703125 0.4640625 0.1140625 0.075
1 0.6203125 0.36796875 0.065625 0.0390625
1 0.6671875 0.31171875 0.090625 0.03359375
1 0.52890625 0.3046875 0.0484375 0.0359375
1 0.553125 0.26015625 0.046875 0.025
1 0.58203125 0.2453125 0.0390625 0.028125
1 0.73046875 0.4359375 0.0421875 0.04140625
1 0.40859375 0.27734375 0.0265625 0.0140625
1 0.76015625 0.55078125 0.14765625 0.14375
1 0.81015625 0.4421875 0.10390625 0.10703125
1 0.90546875 0.5875 0.18828125 0.825
0 0.3453125 0.85859375 0.41875 0.2828125
0 0.7828125 0.2953125 0.0546875 0.153125
1 0.63203125 0.40078125 0.03203125 0.03359375
1 0.671875 0.38515625 0.05 0.03203125
1 0.6703125 0.4671875 0.03828125 0.0390625
1 0.60390625 0.2296875 0.0265625 0.0171875