1 0.74609375 0.6875 0.3453125 0.18046875
1 0.8015625 0.521875 0.23125 0.071875
1 0.603125 0.525 0.11875 0.0609375
1 0.653125 0.434375 0.203125 0.06953125
1 0.42578125 0.428125 0.1046875 0.03359375
1 0.46875 0.3875 0.153125 0.04140625
1 0.27265625 0.359375 0.1078125 0.04140625
1 0.965625 0.46953125 0.065625 0.04453125
1 0.28125 0.40546875 0.10625 0.028125
1 0.16796875 0.265625 0.2296875 0.10859375
0 0.95 0.70390625 0.1 0.15078125
0 0.9515625 0.5390625 0.096875 0.0890625
0 0.8234375 0.43125 0.08828125 0.04453125
0 0.078125 0.6953125 0.0953125 0.159375
1 0.36484375 0.29765625 0.08359375 0.046875
1 0.4375 0.28671875 0.1046875 0.0578125
1 0.60546875 0.371875 0.0828125 0.04921875
1 0.421875 0.35234375 0.1109375 0.04609375