1 0.590625 0.80234375 0.1625 0.2546875
1 0.27578125 0.4421875 0.4109375 0.53125
1 0.909375 0.215625 0.0921875 0.190625
1 0.91875 0.04921875 0.059375 0.0953125
0 0.2109375 0.82890625 0.2203125 0.315625
1 0.67578125 0.8875 0.1390625 0.2203125
1 0.97578125 0.38125 0.046875 0.1375
1 0.9859375 0.1796875 0.025 0.121875
0 0.07265625 0.2171875 0.140625 0.434375
1 0.440625 0.69296875 0.225 0.328125
1 0.86875 0.9375 0.065625 0.109375
1 0.778125 0.30703125 0.071875 0.196875
1 0.934375 0.55703125 0.10625 0.221875