1 0.87890625 0.4875 0.10625 0.778125
1 0.81953125 0.3859375 0.071875 0.415625
1 0.74609375 0.68984375 0.065625 0.45
1 0.47109375 0.4984375 0.034375 0.184375
1 0.52578125 0.50390625 0.034375 0.128125
1 0.54453125 0.1375 0.065625 0.275
1 0.74375 0.10546875 0.08125 0.2109375
1 0.75546875 0.70859375 0.1703125 0.5828125
1 0.63125 0.75703125 0.08125 0.265625
1 0.70234375 0.921875 0.1109375 0.15625
0 0.6015625 0.21171875 0.084375 0.20625
1 0.43203125 0.365625 0.053125 0.303125
1 0.39140625 0.47109375 0.05 0.1375
0 0.35546875 0.246875 0.046875 0.49375
1 0.33125 0.43046875 0.090625 0.146875
0 0.321875 0.915625 0.0875 0.16875
1 0.340625 0.73125 0.1296875 0.259375
0 0.47265625 0.95625 0.1015625 0.0875
0 0.58671875 0.803125 0.0984375 0.25
1 0.30078125 0.05546875 0.0703125 0.1046875
1 0.3859375 0.31875 0.0765625 0.1796875
1 0.4875 0.10703125 0.0734375 0.203125
0 0.95546875 0.7765625 0.0890625 0.446875