1 0.19765625 0.590625 0.2546875 0.1625
1 0.5578125 0.27578125 0.53125 0.4109375
1 0.784375 0.909375 0.1890625 0.0921875
1 0.95078125 0.91875 0.0953125 0.059375
0 0.17109375 0.2109375 0.315625 0.2203125
1 0.1125 0.67578125 0.2203125 0.1390625
1 0.61875 0.97578125 0.1375 0.046875
1 0.8203125 0.9859375 0.121875 0.025
0 0.7828125 0.07265625 0.434375 0.140625
1 0.30703125 0.440625 0.328125 0.225
1 0.0625 0.86875 0.109375 0.065625
1 0.69296875 0.778125 0.196875 0.071875
1 0.44296875 0.934375 0.221875 0.10625