1 0.39140625 0.646875 0.35625 0.134375
1 0.4734375 0.52890625 0.15 0.065625
1 0.3953125 0.40078125 0.1421875 0.1
1 0.3 0.43359375 0.071875 0.05
1 0.86953125 0.88203125 0.2171875 0.2296875
1 0.6140625 0.46171875 0.084375 0.084375
1 0.11640625 0.50546875 0.171875 0.0953125
1 0.18359375 0.19453125 0.0921875 0.084375
1 0.09765625 0.10078125 0.071875 0.05
1 0.109375 0.35234375 0.1828125 0.1015625
0 0.446875 0.225 0.15 0.1671875
1 0.378125 0.26640625 0.128125 0.115625
0 0.1484375 0.0265625 0.1296875 0.053125
1 0.25 0.271875 0.35625 0.1375
1 0.365625 0.909375 0.303125 0.18125
1 0.47265625 0.73359375 0.159375 0.115625