1 0.29921875 0.65703125 0.13515625 0.0828125
1 0.38828125 0.82109375 0.09296875 0.0859375
1 0.60234375 0.41875 0.078125 0.05
1 0.496875 0.45 0.0578125 0.10078125
1 0.46015625 0.34921875 0.03671875 0.04765625
1 0.415625 0.3359375 0.04140625 0.02109375
1 0.3421875 0.34453125 0.08515625 0.0265625
1 0.2234375 0.82421875 0.16328125 0.109375
1 0.5765625 0.52109375 0.08671875 0.053125
1 0.3484375 0.54140625 0.11328125 0.10078125
1 0.54921875 0.76171875 0.1046875 0.1625
1 0.57734375 0.32890625 0.09765625 0.07421875
0 0.6828125 0.7484375 0.10625 0.19296875
0 0.76171875 0.8640625 0.1671875 0.09921875
1 0.57421875 0.909375 0.54765625 0.18046875
1 0.190625 0.87421875 0.271875 0.2515625
0 0.49375 0.6421875 0.209375 0.109375
0 0.92890625 0.5578125 0.1421875 0.1875
1 0.43828125 0.421875 0.06328125 0.059375
1 0.52421875 0.55703125 0.184375 0.13359375
0 0.5984375 0.378125 0.071875 0.06015625
0 0.82109375 0.72109375 0.18515625 0.1671875
0 0.3484375 0.92578125 0.1796875 0.14765625
0 0.49609375 0.34609375 0.0390625 0.0609375
0 0.4390625 0.28828125 0.09296875 0.02421875
1 0.42421875 0.271875 0.01484375 0.01875