1 0.45 0.27109375 0.340625 0.31875
1 0.53125 0.50859375 0.15 0.115625
1 0.41640625 0.45 0.0734375 0.0890625
1 0.3 0.4984375 0.071875 0.040625
1 0.18515625 0.521875 0.0703125 0.04375
0 0.04296875 0.65703125 0.0859375 0.059375
1 0.278125 0.27890625 0.55625 0.5578125
1 0.76171875 0.2421875 0.4765625 0.484375
1 0.30703125 0.5765625 0.075 0.0734375
0 0.2390625 0.56796875 0.05 0.0640625
1 0.28515625 0.69453125 0.1078125 0.03125
0 0.41953125 0.63828125 0.109375 0.11875
0 0.35390625 0.6125 0.1609375 0.096875
0 0.52734375 0.603125 0.153125 0.11875