1 0.46796875 0.5796875 0.21640625 0.2765625
1 0.47265625 0.32578125 0.059375 0.04765625
0 0.4125 0.846875 0.446875 0.30546875
0 0.80390625 0.7984375 0.3921875 0.4
1 0.909375 0.42890625 0.18125 0.190625
1 0.46640625 0.25234375 0.121875 0.0640625
1 0.0515625 0.73359375 0.103125 0.2359375
0 0.27578125 0.68515625 0.26796875 0.39140625
1 0.4828125 0.1875 0.05625 0.03125
0 0.765625 0.44609375 0.2015625 0.19921875
0 0.4453125 0.396875 0.059375 0.11015625
0 0.94921875 0.21328125 0.10078125 0.0859375
1 0.13828125 0.29453125 0.11640625 0.05625