1 0.39609375 0.82265625 0.3984375 0.24609375
1 0.71328125 0.85546875 0.115625 0.07109375
1 0.5203125 0.59453125 0.1625 0.09140625
1 0.134375 0.7390625 0.26875 0.171875
1 0.3828125 0.66015625 0.240625 0.12578125
1 0.44296875 0.5171875 0.12734375 0.07421875
1 0.67109375 0.5171875 0.11171875 0.04609375
1 0.6109375 0.4828125 0.1 0.034375
1 0.559375 0.453125 0.0578125 0.0484375
1 0.6625 0.44296875 0.115625 0.0515625
1 0.7234375 0.39140625 0.1421875 0.05703125
1 0.7921875 0.43828125 0.08671875 0.065625
1 0.6328125 0.41171875 0.08671875 0.04609375
1 0.60234375 0.3703125 0.10703125 0.03125
1 0.60546875 0.33515625 0.07421875 0.0265625
1 0.6765625 0.31015625 0.0953125 0.05859375
1 0.74765625 0.30625 0.06328125 0.0828125
1 0.8359375 0.5 0.053125 0.06171875
1 0.91640625 0.6796875 0.1453125 0.31484375
1 0.21640625 0.5703125 0.1125 0.0765625
1 0.315625 0.55 0.09375 0.09140625
1 0.66640625 0.6890625 0.21171875 0.18984375