1 0.5859375 0.5515625 0.575 0.4453125
1 0.25078125 0.625 0.1984375 0.1234375
1 0.28359375 0.33203125 0.1296875 0.0921875
1 0.2484375 0.96171875 0.190625 0.0734375
1 0.046875 0.2984375 0.09375 0.05390625
1 0.6390625 0.28359375 0.125 0.0375
1 0.5015625 0.20859375 0.1125 0.0375
1 0.553125 0.16484375 0.153125 0.05390625
1 0.04296875 0.75390625 0.08515625 0.19375
1 0.9640625 0.328125 0.071875 0.08359375
1 0.87890625 0.271875 0.05859375 0.05390625
1 0.9265625 0.25390625 0.12109375 0.06796875
1 0.6046875 0.24609375 0.17734375 0.06484375
1 0.49453125 0.3 0.12109375 0.05703125
1 0.17578125 0.23828125 0.1296875 0.04921875
1 0.2015625 0.215625 0.1671875 0.04765625
1 0.32578125 0.21796875 0.0484375 0.05234375
1 0.0671875 0.2265625 0.06171875 0.0359375
1 0.03828125 0.40703125 0.05703125 0.0578125
1 0.07734375 0.46328125 0.08203125 0.0421875
1 0.278125 0.18203125 0.08359375 0.028125
1 0.18515625 0.178125 0.08359375 0.053125
1 0.296875 0.415625 0.0703125 0.04921875
1 0.93828125 0.54921875 0.12265625 0.159375
1 0.58359375 0.71171875 0.1859375 0.18671875
1 0.4671875 0.4171875 0.0921875 0.06171875
1 0.1421875 0.62890625 0.09609375 0.09609375
1 0.74609375 0.8125 0.2109375 0.3640625
1 0.90234375 0.5421875 0.19453125 0.24609375