1 0.12109375 0.43671875 0.0984375 0.05625
1 0.0375 0.63125 0.075 0.0609375
1 0.31796875 0.703125 0.2328125 0.3828125
1 0.390625 0.9375 0.58125 0.11953125
1 0.78828125 0.9375 0.1609375 0.11953125
1 0.96953125 0.59375 0.0578125 0.0421875
1 0.971875 0.46484375 0.053125 0.0328125
1 0.7984375 0.3625 0.096875 0.03984375
1 0.42578125 0.390625 0.0484375 0.03984375
1 0.3625 0.434375 0.071875 0.0515625
1 0.52421875 0.26796875 0.0859375 0.01875
1 0.54375 0.30078125 0.05625 0.01875
1 0.125 0.51015625 0.12109375 0.08046875
1 0.690625 0.575 0.41484375 0.26640625
1 0.7890625 0.8484375 0.421875 0.303125
1 0.71015625 0.40546875 0.08828125 0.05859375
1 0.19921875 0.33203125 0.05390625 0.06171875
1 0.2796875 0.284375 0.0671875 0.03671875
1 0.40625 0.3125 0.0484375 0.040625
1 0.5125 0.3578125 0.1125 0.08125
1 0.25390625 0.49453125 0.10625 0.071875
1 0.07890625 0.84609375 0.15 0.30078125
0 0.453125 0.478125 0.23125 0.0484375
0 0.47578125 0.56015625 0.19453125 0.090625
1 0.584375 0.82734375 0.328125 0.3453125
1 0.30859375 0.41328125 0.24765625 0.10234375