1 0.39140625 0.646875 0.35703125 0.13359375
1 0.4734375 0.52890625 0.15078125 0.06484375
1 0.3953125 0.40078125 0.1421875 0.09921875
1 0.3 0.43359375 0.07109375 0.05
1 0.86953125 0.88203125 0.2171875 0.22890625
1 0.6140625 0.46171875 0.08359375 0.08359375
1 0.11640625 0.50546875 0.171875 0.0953125
1 0.18359375 0.19453125 0.0921875 0.08359375
1 0.09765625 0.10078125 0.07109375 0.05
1 0.109375 0.35234375 0.18203125 0.1015625
0 0.446875 0.225 0.15 0.1671875
1 0.378125 0.26640625 0.12734375 0.11640625
0 0.1484375 0.0265625 0.12890625 0.053125
1 0.25 0.271875 0.35625 0.13671875
1 0.365625 0.909375 0.303125 0.18125
1 0.47265625 0.73359375 0.159375 0.11484375