1 0.23671875 0.490625 0.309375 0.471875
1 0.4125 0.6046875 0.05 0.0625
1 0.44609375 0.69296875 0.0390625 0.0859375
0 0.15546875 0.85703125 0.3109375 0.2859375
0 0.2546875 0.153125 0.1359375 0.2078125
1 0.1421875 0.0265625 0.203125 0.053125
0 0.365625 0.0765625 0.0671875 0.153125
0 0.38359375 0.225 0.09375 0.184375
0 0.10546875 0.27578125 0.2109375 0.234375
0 0.05859375 0.49609375 0.1171875 0.05625
0 0.06640625 0.590625 0.1328125 0.390625
1 0.546875 0.1015625 0.053125 0.1296875
1 0.49140625 0.84375 0.040625 0.046875
0 0.1140625 0.12734375 0.178125 0.2546875