1 0.12890625 0.646875 0.146875 0.209375
1 0.04609375 0.37578125 0.0859375 0.1546875
1 0.0625 0.13671875 0.11875 0.2640625
1 0.30859375 0.55859375 0.05625 0.1953125
1 0.34140625 0.771875 0.05 0.115625
1 0.19453125 0.9125 0.19375 0.171875
1 0.16796875 0.38984375 0.0640625 0.1203125
1 0.209375 0.1625 0.0859375 0.08125
1 0.33984375 0.35625 0.046875 0.121875
1 0.371875 0.49296875 0.040625 0.103125
1 0.315625 0.121875 0.09375 0.240625
1 0.38671875 0.625 0.05 0.128125
1 0.23125 0.590625 0.09375 0.096875