1 0.70078125 0.65703125 0.134375 0.0828125
1 0.61171875 0.82109375 0.09375 0.0859375
1 0.39765625 0.41875 0.078125 0.05
1 0.503125 0.45 0.0578125 0.1
1 0.53984375 0.34921875 0.0375 0.046875
1 0.584375 0.3359375 0.040625 0.021875
1 0.6578125 0.34453125 0.084375 0.0265625
1 0.7765625 0.82421875 0.1625 0.109375
1 0.4234375 0.52109375 0.0875 0.053125
1 0.6515625 0.54140625 0.1125 0.1
1 0.45078125 0.76171875 0.1046875 0.1625
1 0.42265625 0.32890625 0.0984375 0.075
0 0.3171875 0.7484375 0.10625 0.19375
0 0.23828125 0.8640625 0.1671875 0.1
1 0.42578125 0.909375 0.546875 0.18125
1 0.809375 0.87421875 0.271875 0.2515625
0 0.50625 0.6421875 0.209375 0.109375
0 0.07109375 0.5578125 0.1421875 0.1875
1 0.56171875 0.421875 0.0625 0.059375
1 0.47578125 0.55703125 0.184375 0.134375
0 0.4015625 0.378125 0.071875 0.059375
0 0.17890625 0.72109375 0.1859375 0.1671875
0 0.6515625 0.92578125 0.1796875 0.146875
0 0.50390625 0.34609375 0.0390625 0.0609375
0 0.5609375 0.28828125 0.09375 0.025
1 0.57578125 0.271875 0.015625 0.01875