1 0.353125 0.39140625 0.134375 0.35625
1 0.47109375 0.4734375 0.065625 0.15
1 0.59921875 0.3953125 0.1 0.1421875
1 0.56640625 0.3 0.05 0.071875
1 0.11796875 0.86953125 0.228125 0.2171875
1 0.53828125 0.6140625 0.084375 0.084375
1 0.49453125 0.11640625 0.0953125 0.171875
1 0.80546875 0.18359375 0.084375 0.0921875
1 0.89921875 0.09765625 0.05 0.071875
1 0.64765625 0.109375 0.1015625 0.18125
0 0.775 0.446875 0.1671875 0.15
1 0.73359375 0.378125 0.115625 0.128125
0 0.9734375 0.1484375 0.053125 0.128125
1 0.728125 0.25 0.1375 0.35625
1 0.090625 0.365625 0.18125 0.303125
1 0.26640625 0.47265625 0.115625 0.159375