1 0.5203125 0.596875 0.21171875 0.19140625
1 0.38125 0.8328125 0.1578125 0.20859375
1 0.7640625 0.9640625 0.09453125 0.065625
1 0.43671875 0.971875 0.14453125 0.05078125
1 0.278125 0.47890625 0.21484375 0.1703125
1 0.43125 0.434375 0.078125 0.0921875
1 0.77734375 0.34921875 0.09453125 0.065625
1 0.975 0.359375 0.046875 0.075
1 0.825 0.271875 0.05390625 0.04140625
1 0.7234375 0.228125 0.06796875 0.0390625
1 0.6828125 0.19375 0.0453125 0.0359375
1 0.771875 0.14453125 0.0859375 0.0265625
1 0.0828125 0.29375 0.09453125 0.06875
1 0.18359375 0.34453125 0.10390625 0.0625
1 0.2859375 0.35546875 0.0421875 0.04765625
1 0.37734375 0.2734375 0.165625 0.11015625
1 0.2484375 0.2609375 0.071875 0.05703125
1 0.24609375 0.20859375 0.05703125 0.04765625
1 0.30234375 0.2015625 0.0421875 0.0390625
1 0.35859375 0.12421875 0.046875 0.04453125
1 0.42578125 0.14609375 0.0328125 0.0359375
1 0.28046875 0.096875 0.1125 0.04453125
1 0.39140625 0.075 0.0375 0.0296875
1 0.45390625 0.07890625 0.05859375 0.04453125
1 0.5390625 0.0640625 0.0828125 0.08671875
1 0.625 0.04453125 0.05703125 0.07734375
1 0.19296875 0.02421875 0.06328125 0.0296875
1 0.1828125 0.06875 0.034375 0.0296875
1 0.2765625 0.0296875 0.05546875 0.0296875
1 0.503125 0.2796875 0.09296875 0.13515625
1 0.121875 0.09296875 0.03671875 0.0453125
1 0.184375 0.14140625 0.07265625 0.1015625
1 0.59375 0.13046875 0.08046875 0.0796875
1 0.728125 0.31171875 0.08671875 0.07890625
1 0.74296875 0.03671875 0.040625 0.04765625
1 0.6859375 0.04296875 0.040625 0.04921875
1 0.4078125 0.0296875 0.0984375 0.05859375
1 0.31953125 0.0140625 0.04921875 0.0265625
1 0.88046875 0.0140625 0.1046875 0.028125
1 0.665625 0.1421875 0.059375 0.053125
1 0.16875 0.2859375 0.0609375 0.053125
1 0.803125 0.42109375 0.04765625 0.04921875