1 0.23046875 0.596875 0.35546875 0.23125
1 0.6828125 0.26484375 0.2375 0.07578125
1 0.73359375 0.68984375 0.48359375 0.5875
1 0.0296875 0.253125 0.05703125 0.06484375
1 0.59921875 0.190625 0.15234375 0.08828125
0 0.446875 0.1984375 0.103125 0.0875
0 0.32890625 0.34453125 0.1921875 0.11171875
0 0.08828125 0.365625 0.16171875 0.1140625
1 0.75703125 0.34140625 0.2296875 0.1
1 0.51640625 0.4921875 0.26953125 0.12109375
1 0.48359375 0.65625 0.33359375 0.240625
1 0.6796875 0.14609375 0.15390625 0.12734375
1 0.63203125 0.0859375 0.0921875 0.06328125