1 0.63125 0.396875 0.171875 0.459375
1 0.32734375 0.70234375 0.09375 0.2453125
1 0.90234375 0.12265625 0.190625 0.1890625
0 0.32578125 0.56484375 0.1265625 0.178125
0 0.44140625 0.384375 0.121875 0.09375
1 0.409375 0.8984375 0.05 0.1390625
1 0.103125 0.4171875 0.0625 0.103125
1 0.49609375 0.1734375 0.0421875 0.0609375
1 0.93671875 0.33359375 0.1265625 0.225
1 0.73984375 0.62890625 0.075 0.15625
1 0.553125 0.95078125 0.0671875 0.08125
0 0.21171875 0.875 0.16875 0.25
0 0.58359375 0.08984375 0.125 0.1515625
0 0.54453125 0.26484375 0.1 0.171875
0 0.81640625 0.575 0.1375 0.221875
0 0.67265625 0.78515625 0.0609375 0.09375
0 0.171875 0.16015625 0.0953125 0.2875
1 0.06953125 0.2375 0.04375 0.078125
1 0.25 0.88515625 0.059375 0.0578125