1 0.19765625 0.409375 0.2546875 0.1625
1 0.5578125 0.72421875 0.53125 0.4109375
1 0.784375 0.090625 0.18984375 0.0921875
1 0.95078125 0.08125 0.0953125 0.05859375
0 0.17109375 0.7890625 0.315625 0.2203125
1 0.1125 0.32421875 0.2203125 0.1390625
1 0.61875 0.02421875 0.1375 0.04765625
1 0.8203125 0.0140625 0.12265625 0.02421875
0 0.7828125 0.92734375 0.434375 0.140625
1 0.30703125 0.559375 0.328125 0.22578125
1 0.0625 0.13125 0.11015625 0.06640625
1 0.69296875 0.221875 0.19765625 0.07109375
1 0.44296875 0.065625 0.221875 0.10625