1 0.87109375 0.353125 0.146875 0.209375
1 0.95390625 0.62421875 0.0859375 0.1546875
1 0.9375 0.86328125 0.11875 0.2640625
1 0.69140625 0.44140625 0.05625 0.1953125
1 0.65859375 0.228125 0.05 0.115625
1 0.80546875 0.0875 0.19375 0.171875
1 0.83203125 0.61015625 0.0640625 0.1203125
1 0.790625 0.8375 0.0859375 0.08125
1 0.66015625 0.64375 0.046875 0.121875
1 0.628125 0.50703125 0.040625 0.103125
1 0.684375 0.878125 0.09375 0.240625
1 0.61328125 0.375 0.05 0.128125
1 0.76875 0.409375 0.09375 0.096875