1 0.596875 0.5203125 0.190625 0.2125
1 0.8328125 0.38125 0.209375 0.1578125
1 0.9640625 0.7640625 0.065625 0.0953125
1 0.971875 0.43671875 0.05 0.14375
1 0.47890625 0.278125 0.1703125 0.215625
1 0.434375 0.43125 0.0921875 0.078125
1 0.34921875 0.77734375 0.065625 0.0953125
1 0.359375 0.975 0.075 0.046875
1 0.271875 0.825 0.040625 0.0546875
1 0.228125 0.7234375 0.0390625 0.06875
1 0.19375 0.6828125 0.0359375 0.0453125
1 0.14453125 0.771875 0.0265625 0.0859375
1 0.29375 0.0828125 0.06875 0.09375
1 0.34453125 0.18359375 0.0625 0.103125
1 0.35546875 0.2859375 0.046875 0.0421875
1 0.2734375 0.37734375 0.109375 0.165625
1 0.2609375 0.2484375 0.05625 0.071875
1 0.20859375 0.24609375 0.046875 0.05625
1 0.2015625 0.30234375 0.0390625 0.0421875
1 0.12421875 0.35859375 0.04375 0.046875
1 0.14609375 0.42578125 0.0359375 0.0328125
1 0.096875 0.28046875 0.04375 0.1125
1 0.075 0.39140625 0.0296875 0.0375
1 0.07890625 0.45390625 0.04375 0.059375
1 0.0640625 0.5390625 0.0875 0.0828125
1 0.04453125 0.625 0.078125 0.0578125
1 0.02421875 0.19296875 0.0296875 0.0625
1 0.06875 0.1828125 0.0296875 0.034375
1 0.0296875 0.2765625 0.0296875 0.05625
1 0.2796875 0.503125 0.134375 0.09375
1 0.09296875 0.121875 0.0453125 0.0375
1 0.14140625 0.184375 0.1015625 0.071875
1 0.13046875 0.59375 0.0796875 0.08125
1 0.31171875 0.728125 0.078125 0.0875
1 0.03671875 0.74296875 0.046875 0.040625
1 0.04296875 0.6859375 0.05 0.040625
1 0.0296875 0.4078125 0.059375 0.0984375
1 0.0140625 0.31953125 0.0265625 0.05
1 0.0140625 0.88046875 0.028125 0.1046875
1 0.1421875 0.665625 0.053125 0.059375
1 0.2859375 0.16875 0.053125 0.0609375
1 0.42109375 0.803125 0.05 0.046875