1 0.12109375 0.56328125 0.0984375 0.05625
1 0.0375 0.36875 0.075 0.0609375
1 0.31796875 0.296875 0.2328125 0.3828125
1 0.390625 0.0625 0.58125 0.1203125
1 0.78828125 0.0625 0.1609375 0.1203125
1 0.96953125 0.40625 0.0578125 0.0421875
1 0.971875 0.53515625 0.053125 0.0328125
1 0.7984375 0.6375 0.096875 0.040625
1 0.42578125 0.609375 0.0484375 0.040625
1 0.3625 0.565625 0.071875 0.0515625
1 0.52421875 0.73203125 0.0859375 0.01875
1 0.54375 0.69921875 0.05625 0.01875
1 0.125 0.48984375 0.121875 0.08125
1 0.690625 0.425 0.415625 0.2671875
1 0.7890625 0.1515625 0.421875 0.303125
1 0.71015625 0.59453125 0.0875 0.059375
1 0.19921875 0.66796875 0.0546875 0.0625
1 0.2796875 0.715625 0.0671875 0.0375
1 0.40625 0.6875 0.0484375 0.040625
1 0.5125 0.6421875 0.1125 0.08125
1 0.25390625 0.50546875 0.10625 0.071875
1 0.07890625 0.15390625 0.15 0.3015625
0 0.453125 0.521875 0.23125 0.0484375
0 0.47578125 0.43984375 0.19375 0.090625
1 0.584375 0.17265625 0.328125 0.3453125
1 0.30859375 0.58671875 0.246875 0.103125