1 0.646875 0.87109375 0.209375 0.146875
1 0.37578125 0.95390625 0.1546875 0.0859375
1 0.13671875 0.9375 0.2640625 0.11953125
1 0.55859375 0.69140625 0.1953125 0.05546875
1 0.771875 0.65859375 0.115625 0.05
1 0.9125 0.80546875 0.171875 0.19375
1 0.38984375 0.83203125 0.1203125 0.0640625
1 0.1625 0.790625 0.08125 0.0859375
1 0.35625 0.66015625 0.121875 0.046875
1 0.49296875 0.628125 0.10234375 0.03984375
1 0.121875 0.684375 0.23984375 0.09453125
1 0.625 0.61328125 0.12734375 0.05078125
1 0.590625 0.76875 0.09765625 0.09375