1 0.46875 0.765625 0.553125 0.303125
1 0.43046875 0.44375 0.10703125 0.0703125
1 0.5359375 0.38125 0.18515625 0.09140625
0 0.90078125 0.39609375 0.1984375 0.0703125
0 0.71875 0.3828125 0.18046875 0.09453125
1 0.45703125 0.56640625 0.46171875 0.1328125
1 0.10703125 0.81796875 0.2046875 0.36328125
0 0.1765625 0.409375 0.35 0.14765625
0 0.2484375 0.296875 0.13203125 0.09609375
0 0.3921875 0.17421875 0.36328125 0.14140625
1 0.3828125 0.0671875 0.3703125 0.11484375
0 0.11640625 0.584375 0.23203125 0.09609375