1 0.42421875 0.7453125 0.80703125 0.509375
1 0.5515625 0.3390625 0.359375 0.21015625
1 0.76171875 0.271875 0.25625 0.14921875
1 0.89296875 0.15703125 0.2140625 0.11171875
1 0.27578125 0.1984375 0.20703125 0.0765625
1 0.115625 0.184375 0.1671875 0.08046875
1 0.44296875 0.1765625 0.24765625 0.1
1 0.615625 0.19921875 0.1109375 0.06328125
1 0.58125 0.15546875 0.0625 0.04453125
1 0.66171875 0.14609375 0.075 0.03359375
1 0.8015625 0.390625 0.09296875 0.10390625
1 0.4734375 0.11640625 0.03828125 0.02109375
1 0.721875 0.903125 0.1828125 0.19375