1 0.603125 0.63125 0.459375 0.171875
1 0.29765625 0.32734375 0.2453125 0.09375
1 0.87734375 0.90234375 0.1890625 0.190625
0 0.43515625 0.32578125 0.178125 0.1265625
0 0.615625 0.44140625 0.09375 0.121875
1 0.1015625 0.409375 0.1390625 0.05
1 0.5828125 0.103125 0.103125 0.0625
1 0.8265625 0.49609375 0.0609375 0.0421875
1 0.66640625 0.93671875 0.225 0.1265625
1 0.37109375 0.73984375 0.1546875 0.075
1 0.04921875 0.553125 0.0828125 0.0671875
0 0.125 0.21171875 0.25 0.16875
0 0.91015625 0.58359375 0.1515625 0.125
0 0.73515625 0.54453125 0.171875 0.1
0 0.425 0.81640625 0.221875 0.1375
0 0.21484375 0.67265625 0.09375 0.0609375
0 0.83984375 0.171875 0.2890625 0.0953125
1 0.7625 0.06953125 0.078125 0.04375
1 0.11484375 0.25 0.0578125 0.059375