1 0.403125 0.76953125 0.23125 0.35625
1 0.73515625 0.3171875 0.075 0.2375
1 0.31015625 0.26640625 0.5875 0.484375
1 0.746875 0.9703125 0.065625 0.0578125
1 0.809375 0.40078125 0.0875 0.153125
0 0.8015625 0.553125 0.0875 0.103125
0 0.65546875 0.67109375 0.1125 0.1921875
0 0.634375 0.91171875 0.1140625 0.1625
1 0.65859375 0.24296875 0.1 0.2296875
1 0.5078125 0.48359375 0.121875 0.26875
1 0.34375 0.51640625 0.240625 0.334375
1 0.85390625 0.3203125 0.128125 0.153125
1 0.9140625 0.36796875 0.0625 0.0921875