1 0.53203125 0.4203125 0.215625 0.2765625
1 0.52734375 0.67421875 0.059375 0.046875
0 0.5875 0.153125 0.446875 0.30625
0 0.19609375 0.2015625 0.3921875 0.4
1 0.090625 0.57109375 0.18125 0.190625
1 0.53359375 0.74765625 0.121875 0.0640625
1 0.9484375 0.26640625 0.103125 0.2359375
0 0.72421875 0.31484375 0.26875 0.390625
1 0.5171875 0.8125 0.05625 0.03125
0 0.234375 0.55390625 0.2015625 0.2
0 0.5546875 0.603125 0.059375 0.109375
0 0.05078125 0.78671875 0.1015625 0.0859375
1 0.86171875 0.70546875 0.115625 0.05625