1 0.403125 0.5203125 0.190625 0.2125
1 0.1671875 0.38125 0.209375 0.1578125
1 0.0359375 0.7640625 0.065625 0.09375
1 0.028125 0.43671875 0.05 0.14375
1 0.52109375 0.278125 0.1703125 0.215625
1 0.565625 0.43125 0.0921875 0.078125
1 0.65078125 0.77734375 0.065625 0.09375
1 0.640625 0.975 0.075 0.046875
1 0.728125 0.825 0.040625 0.053125
1 0.771875 0.7234375 0.0390625 0.06875
1 0.80625 0.6828125 0.0359375 0.0453125
1 0.85546875 0.771875 0.0265625 0.0859375
1 0.70625 0.0828125 0.06875 0.09375
1 0.65546875 0.18359375 0.0625 0.103125
1 0.64453125 0.2859375 0.046875 0.0421875
1 0.7265625 0.37734375 0.109375 0.165625
1 0.7390625 0.2484375 0.05625 0.071875
1 0.79140625 0.24609375 0.046875 0.05625
1 0.7984375 0.30234375 0.0390625 0.0421875
1 0.87578125 0.35859375 0.04375 0.046875
1 0.85390625 0.42578125 0.0359375 0.0328125
1 0.903125 0.28046875 0.04375 0.1125
1 0.925 0.39140625 0.0296875 0.0375
1 0.92109375 0.45390625 0.04375 0.059375
1 0.9359375 0.5390625 0.0875 0.0828125
1 0.95546875 0.625 0.078125 0.05625
1 0.97578125 0.19296875 0.0296875 0.0625
1 0.93125 0.1828125 0.0296875 0.034375
1 0.9703125 0.2765625 0.0296875 0.05625
1 0.7203125 0.503125 0.134375 0.09375
1 0.90703125 0.121875 0.0453125 0.0375
1 0.85859375 0.184375 0.1015625 0.071875
1 0.86953125 0.59375 0.0796875 0.08125
1 0.68828125 0.728125 0.078125 0.0875
1 0.96328125 0.74296875 0.046875 0.040625
1 0.95703125 0.6859375 0.05 0.040625
1 0.9703125 0.4078125 0.059375 0.0984375
1 0.9859375 0.31953125 0.0265625 0.05
1 0.9859375 0.88046875 0.028125 0.1046875
1 0.8578125 0.665625 0.053125 0.059375
1 0.7140625 0.16875 0.053125 0.0609375
1 0.57890625 0.803125 0.05 0.046875