1 0.67578125 0.625 0.253125 0.146875
1 0.65859375 0.7546875 0.159375 0.109375
1 0.5015625 0.60859375 0.090625 0.1203125
1 0.44765625 0.403125 0.1125 0.103125
1 0.68046875 0.4640625 0.11875 0.08125
1 0.42265625 0.5125 0.1046875 0.059375
1 0.32421875 0.59921875 0.05 0.0671875
1 0.28828125 0.45390625 0.0390625 0.0609375
1 0.35078125 0.528125 0.06875 0.06875
1 0.28359375 0.58125 0.053125 0.06875
1 0.21328125 0.5578125 0.06875 0.1
0 0.4921875 0.925 0.1859375 0.15
0 0.36953125 0.8484375 0.1296875 0.1859375
1 0.415625 0.3078125 0.103125 0.075
1 0.2734375 0.7109375 0.04375 0.059375
1 0.22734375 0.68515625 0.0546875 0.096875
1 0.58046875 0.31953125 0.184375 0.13125
1 0.35078125 0.41796875 0.1125 0.1484375
1 0.3953125 0.66171875 0.084375 0.0984375
1 0.278125 0.51875 0.0875 0.0671875