1 0.4875 0.87890625 0.778125 0.10625
1 0.3859375 0.81953125 0.415625 0.071875
1 0.68984375 0.74609375 0.45 0.0671875
1 0.4984375 0.47109375 0.184375 0.034375
1 0.50390625 0.52578125 0.128125 0.034375
1 0.1375 0.54453125 0.275 0.065625
1 0.10546875 0.74375 0.2109375 0.08125
1 0.70859375 0.75546875 0.5828125 0.1703125
1 0.75703125 0.63125 0.265625 0.08125
1 0.921875 0.70234375 0.15625 0.1109375
0 0.21171875 0.6015625 0.20625 0.084375
1 0.365625 0.43203125 0.303125 0.053125
1 0.47109375 0.39140625 0.1375 0.05
0 0.246875 0.35546875 0.49375 0.046875
1 0.43046875 0.33125 0.1484375 0.090625
0 0.915625 0.321875 0.16875 0.0875
1 0.73125 0.340625 0.259375 0.1296875
0 0.95625 0.47265625 0.0875 0.1015625
0 0.803125 0.58671875 0.25 0.0984375
1 0.05546875 0.30078125 0.1046875 0.0703125
1 0.31875 0.3859375 0.1796875 0.0765625
1 0.10703125 0.4875 0.203125 0.0734375
0 0.7765625 0.95546875 0.446875 0.0890625