1 0.3125 0.74609375 0.18125 0.3453125
1 0.478125 0.8015625 0.071875 0.23125
1 0.475 0.603125 0.0609375 0.11875
1 0.565625 0.653125 0.06875 0.203125
1 0.571875 0.42578125 0.034375 0.1046875
1 0.6125 0.46875 0.040625 0.153125
1 0.640625 0.27265625 0.040625 0.1078125
1 0.53046875 0.965625 0.04375 0.065625
1 0.59453125 0.28125 0.028125 0.10625
1 0.734375 0.16796875 0.109375 0.2296875
0 0.29609375 0.95 0.15 0.1
0 0.4609375 0.9515625 0.0890625 0.096875
0 0.56875 0.8234375 0.04375 0.0875
0 0.3046875 0.078125 0.159375 0.0953125
1 0.70234375 0.36484375 0.046875 0.084375
1 0.71328125 0.4375 0.0578125 0.1046875
1 0.628125 0.60546875 0.05 0.0828125
1 0.64765625 0.421875 0.046875 0.1109375