1 0.4859375 0.5109375 0.35625 0.7
0 0.77421875 0.4109375 0.4515625 0.821875
0 0.7390625 0.7890625 0.1390625 0.421875
0 0.90625 0.84921875 0.1875 0.2984375
0 0.21484375 0.3046875 0.1375 0.609375
0 0.12109375 0.059375 0.240625 0.11875
0 0.096875 0.4171875 0.19375 0.3078125
0 0.1265625 0.1890625 0.159375 0.215625
0 0.16328125 0.59609375 0.128125 0.315625
0 0.25625 0.61484375 0.10625 0.30625
0 0.27421875 0.8640625 0.1109375 0.26875
0 0.49296875 0.9 0.328125 0.1921875
0 0.56015625 0.78046875 0.134375 0.19375
0 0.16171875 0.84375 0.06875 0.3109375
0 0.10859375 0.80625 0.121875 0.384375