1 0.5109375 0.5140625 0.7 0.35625
0 0.4109375 0.22578125 0.821875 0.4515625
0 0.7890625 0.2609375 0.421875 0.1390625
0 0.84921875 0.09375 0.2984375 0.1875
0 0.3046875 0.78515625 0.609375 0.1375
0 0.059375 0.87890625 0.11875 0.240625
0 0.4171875 0.903125 0.3078125 0.19375
0 0.1890625 0.8734375 0.215625 0.159375
0 0.59609375 0.83671875 0.315625 0.128125
0 0.61484375 0.74375 0.30625 0.10625
0 0.8640625 0.72578125 0.26875 0.1109375
0 0.9 0.50703125 0.1921875 0.328125
0 0.78046875 0.43984375 0.19375 0.134375
0 0.84375 0.83828125 0.3109375 0.06875
0 0.80625 0.89140625 0.384375 0.121875