1 0.40703125 0.31875 0.709375 0.425
1 0.57890625 0.64140625 0.08125 0.028125
1 0.65703125 0.6625 0.040625 0.025
0 0.57578125 0.48203125 0.271875 0.178125
0 0.78203125 0.2703125 0.1875 0.2125
0 0.5109375 0.17265625 0.53125 0.2
0 0.37578125 0.08203125 0.184375 0.1625
0 0.1296875 0.1703125 0.259375 0.340625
0 0.35703125 0.3875 0.240625 0.1125
0 0.675 0.584375 0.1 0.125
0 0.525 0.51171875 0.1828125 0.15625
0 0.734375 0.1078125 0.09375 0.215625
0 0.615625 0.1421875 0.2296875 0.0703125
0 0.97109375 0.328125 0.05625 0.06875
1 0.8875 0.60625 0.215625 0.1203125
1 0.78828125 0.67890625 0.1875 0.04375