1 0.4890625 0.4859375 0.7 0.35703125
0 0.5890625 0.77421875 0.821875 0.4515625
0 0.2109375 0.7390625 0.421875 0.1390625
0 0.15078125 0.90625 0.2984375 0.1875
0 0.6953125 0.21484375 0.609375 0.13828125
0 0.940625 0.12109375 0.11875 0.24140625
0 0.5828125 0.096875 0.3078125 0.19296875
0 0.8109375 0.1265625 0.21484375 0.15859375
0 0.40390625 0.16328125 0.315625 0.12890625
0 0.38515625 0.25625 0.30703125 0.10703125
0 0.1359375 0.27421875 0.26796875 0.1109375
0 0.1 0.49296875 0.1921875 0.32734375
0 0.21953125 0.56015625 0.19453125 0.13359375
0 0.15625 0.16171875 0.3109375 0.06875
0 0.19375 0.10859375 0.38359375 0.12265625