1 0.40703125 0.68125 0.709375 0.425
1 0.57890625 0.35859375 0.08125 0.028125
1 0.65703125 0.3375 0.040625 0.025
0 0.57578125 0.51796875 0.271875 0.178125
0 0.78203125 0.7296875 0.1875 0.2125
0 0.5109375 0.82734375 0.53125 0.2
0 0.37578125 0.91796875 0.184375 0.1625
0 0.1296875 0.8296875 0.259375 0.340625
0 0.35703125 0.6125 0.240625 0.1125
0 0.675 0.415625 0.1 0.125
0 0.525 0.48828125 0.1828125 0.15625
0 0.734375 0.8921875 0.09375 0.215625
0 0.615625 0.8578125 0.228125 0.0703125
0 0.97109375 0.671875 0.05625 0.06875
1 0.8875 0.39375 0.215625 0.1203125
1 0.78828125 0.32109375 0.1875 0.04375