1 0.59296875 0.68125 0.70859375 0.425
1 0.42109375 0.35859375 0.08046875 0.02890625
1 0.34296875 0.3375 0.04140625 0.025
0 0.42421875 0.51796875 0.271875 0.178125
0 0.21796875 0.7296875 0.18671875 0.21171875
0 0.4890625 0.82734375 0.53203125 0.19921875
0 0.62421875 0.91796875 0.184375 0.16328125
0 0.8703125 0.8296875 0.259375 0.340625
0 0.64296875 0.6125 0.24140625 0.1125
0 0.325 0.415625 0.09921875 0.12578125
0 0.475 0.48828125 0.1828125 0.15625
0 0.265625 0.8921875 0.09375 0.215625
0 0.384375 0.8578125 0.22890625 0.0703125
0 0.02890625 0.671875 0.05546875 0.06875
1 0.1125 0.39375 0.21640625 0.1203125
1 0.21171875 0.32109375 0.18671875 0.04375