1 0.4953125 0.83984375 0.3125 0.31484375
1 0.64296875 0.6546875 0.2296875 0.3171875
1 0.95078125 0.9375 0.0953125 0.0921875
1 0.95078125 0.5796875 0.0984375 0.19140625
1 0.0546875 0.75234375 0.109375 0.2953125
1 0.04375 0.48828125 0.0859375 0.0921875
1 0.48515625 0.415625 0.1078125 0.09140625
1 0.725 0.4078125 0.1765625 0.1078125
1 0.74609375 0.46015625 0.1078125 0.09609375
1 0.94375 0.453125 0.1046875 0.0640625
1 0.6234375 0.33125 0.14921875 0.071875
1 0.05390625 0.3625 0.0703125 0.08671875
1 0.28671875 0.89375 0.125 0.2125