1 0.83984375 0.4953125 0.315625 0.3125
1 0.6546875 0.64296875 0.3171875 0.2296875
1 0.9375 0.95078125 0.0921875 0.0953125
1 0.5796875 0.95078125 0.190625 0.0984375
1 0.75234375 0.0546875 0.2953125 0.109375
1 0.48828125 0.04375 0.0921875 0.0859375
1 0.415625 0.48515625 0.090625 0.1078125
1 0.4078125 0.725 0.1078125 0.1765625
1 0.46015625 0.74609375 0.096875 0.1078125
1 0.453125 0.94375 0.0640625 0.1046875
1 0.33125 0.6234375 0.071875 0.15
1 0.3625 0.05390625 0.0875 0.0703125
1 0.89375 0.28671875 0.2125 0.125