1 0.5046875 0.16015625 0.3125 0.315625
1 0.35703125 0.3453125 0.2296875 0.3171875
1 0.04921875 0.0625 0.0953125 0.0921875
1 0.04921875 0.4203125 0.0984375 0.190625
1 0.9453125 0.24765625 0.109375 0.2953125
1 0.95625 0.51171875 0.0859375 0.0921875
1 0.51484375 0.584375 0.1078125 0.090625
1 0.275 0.5921875 0.1765625 0.1078125
1 0.25390625 0.53984375 0.1078125 0.096875
1 0.05625 0.546875 0.1046875 0.0640625
1 0.3765625 0.66875 0.15 0.071875
1 0.94609375 0.6375 0.0703125 0.0875
1 0.71328125 0.10625 0.125 0.2125