1 0.48828125 0.63828125 0.34921875 0.35703125
1 0.7828125 0.3546875 0.34921875 0.16640625
1 0.1625 0.2078125 0.26328125 0.10234375
0 0.17109375 0.50546875 0.20703125 0.178125
0 0.31171875 0.72109375 0.17421875 0.18828125
0 0.86328125 0.76875 0.2734375 0.14453125
1 0.87890625 0.9140625 0.2421875 0.17109375
0 0.709375 0.240625 0.58046875 0.25703125
0 0.275 0.14609375 0.21015625 0.090625
0 0.13203125 0.0515625 0.2640625 0.103125
0 0.83671875 0.04296875 0.3265625 0.08046875
0 0.06796875 0.38203125 0.134375 0.0984375
0 0.36171875 0.26796875 0.23125 0.1671875
0 0.3671875 0.10546875 0.3109375 0.165625