1 0.26796875 0.71953125 0.3984375 0.38046875
1 0.6234375 0.76640625 0.125 0.1578125
1 0.66953125 0.928125 0.0890625 0.13828125
1 0.78828125 0.7 0.1421875 0.13203125
1 0.9328125 0.8390625 0.121875 0.18046875
1 0.86640625 0.61015625 0.1890625 0.1265625
1 0.6953125 0.4828125 0.084375 0.0875
1 0.7390625 0.41953125 0.125 0.08984375
1 0.5859375 0.56640625 0.15625 0.12421875
1 0.4734375 0.45625 0.05625 0.06171875
1 0.1359375 0.9265625 0.125 0.140625
1 0.2390625 0.4390625 0.065625 0.06171875
1 0.790625 0.8765625 0.140625 0.18359375
1 0.94921875 0.47109375 0.10078125 0.14296875
1 0.91328125 0.36640625 0.17265625 0.1078125
1 0.29453125 0.4953125 0.2078125 0.07890625
1 0.49453125 0.3828125 0.10703125 0.0828125
1 0.55703125 0.3796875 0.04609375 0.05
1 0.05859375 0.8171875 0.11640625 0.365625
1 0.51640625 0.765625 0.1390625 0.2765625
1 0.1640625 0.31015625 0.075 0.04140625