1 0.4125 0.3890625 0.225 0.2125
0 0.1625 0.36171875 0.31875 0.3078125
0 0.1890625 0.1546875 0.36875 0.309375
0 0.38046875 0.16796875 0.1796875 0.3359375
0 0.56484375 0.1421875 0.2359375 0.284375
0 0.7359375 0.1875 0.403125 0.375
0 0.89609375 0.2296875 0.2046875 0.459375
0 0.77734375 0.4125 0.24375 0.2734375
0 0.81953125 0.66484375 0.3609375 0.3046875
0 0.46796875 0.58671875 0.11875 0.2609375
0 0.5890625 0.57265625 0.178125 0.3484375
0 0.05546875 0.6140625 0.1109375 0.1921875
0 0.27734375 0.61640625 0.4625 0.19375