1 0.26796875 0.28046875 0.3984375 0.38125
1 0.6234375 0.23359375 0.125 0.1578125
1 0.66953125 0.071875 0.0890625 0.1375
1 0.78828125 0.3 0.1421875 0.13125
1 0.9328125 0.1609375 0.121875 0.18125
1 0.86640625 0.38984375 0.1890625 0.1265625
1 0.6953125 0.5171875 0.084375 0.0875
1 0.7390625 0.58046875 0.125 0.090625
1 0.5859375 0.43359375 0.15625 0.125
1 0.4734375 0.54375 0.05625 0.0625
1 0.1359375 0.0734375 0.125 0.140625
1 0.2390625 0.5609375 0.065625 0.0625
1 0.790625 0.1234375 0.140625 0.184375
1 0.94921875 0.52890625 0.1 0.14375
1 0.91328125 0.63359375 0.171875 0.1078125
1 0.29453125 0.5046875 0.2078125 0.078125
1 0.49453125 0.6171875 0.10625 0.0828125
1 0.55703125 0.6203125 0.046875 0.05
1 0.05859375 0.1828125 0.115625 0.365625
1 0.51640625 0.234375 0.1390625 0.2765625
1 0.1640625 0.68984375 0.075 0.040625