1 0.634375 0.60546875 0.4 0.23359375
0 0.7015625 0.2953125 0.21953125 0.2
0 0.87734375 0.184375 0.20078125 0.12578125
0 0.71015625 0.1 0.221875 0.15234375
0 0.2984375 0.4421875 0.30703125 0.128125
0 0.53125 0.428125 0.21328125 0.1375
0 0.30859375 0.8421875 0.60078125 0.27109375
0 0.803125 0.7984375 0.39375 0.146875
0 0.88828125 0.421875 0.2234375 0.1421875
0 0.16171875 0.22578125 0.30703125 0.11171875
1 0.12265625 0.3515625 0.196875 0.10390625
0 0.2296875 0.09765625 0.278125 0.10546875
0 0.09375 0.53671875 0.16875 0.06640625