1 0.73203125 0.71953125 0.3984375 0.38125
1 0.3765625 0.76640625 0.125 0.1578125
1 0.33046875 0.928125 0.0890625 0.1375
1 0.21171875 0.7 0.1421875 0.13125
1 0.0671875 0.8390625 0.121875 0.18125
1 0.13359375 0.61015625 0.1890625 0.1265625
1 0.3046875 0.4828125 0.084375 0.0875
1 0.2609375 0.41953125 0.125 0.090625
1 0.4140625 0.56640625 0.15625 0.125
1 0.5265625 0.45625 0.05625 0.0625
1 0.8640625 0.9265625 0.125 0.140625
1 0.7609375 0.4390625 0.065625 0.0625
1 0.209375 0.8765625 0.140625 0.184375
1 0.05078125 0.47109375 0.1 0.14375
1 0.08671875 0.36640625 0.171875 0.1078125
1 0.70546875 0.4953125 0.2078125 0.078125
1 0.50546875 0.3828125 0.10625 0.0828125
1 0.44296875 0.3796875 0.046875 0.05
1 0.94140625 0.8171875 0.115625 0.365625
1 0.48359375 0.765625 0.1390625 0.2765625
1 0.8359375 0.31015625 0.075 0.040625