1 0.48828125 0.63828125 0.35 0.35625
1 0.7828125 0.3546875 0.35 0.165625
1 0.1625 0.2078125 0.2625 0.103125
0 0.17109375 0.50546875 0.20625 0.178125
0 0.31171875 0.72109375 0.175 0.1875
0 0.86328125 0.76875 0.2734375 0.14375
1 0.87890625 0.9140625 0.2421875 0.171875
0 0.709375 0.240625 0.58125 0.25625
0 0.275 0.14609375 0.209375 0.090625
0 0.13203125 0.0515625 0.2640625 0.103125
0 0.83671875 0.04296875 0.3265625 0.08125
0 0.06796875 0.38203125 0.134375 0.0984375
0 0.36171875 0.26796875 0.23125 0.1671875
0 0.3671875 0.10546875 0.3109375 0.165625