1 0.51171875 0.36171875 0.35 0.35625
1 0.2171875 0.6453125 0.35 0.165625
1 0.8375 0.7921875 0.2625 0.103125
0 0.82890625 0.49453125 0.20625 0.178125
0 0.68828125 0.27890625 0.175 0.1875
0 0.13671875 0.23125 0.2734375 0.14375
1 0.12109375 0.0859375 0.2421875 0.171875
0 0.290625 0.759375 0.58125 0.25625
0 0.725 0.85390625 0.209375 0.090625
0 0.86796875 0.9484375 0.2640625 0.103125
0 0.16328125 0.95703125 0.3265625 0.08125
0 0.93203125 0.61796875 0.134375 0.0984375
0 0.63828125 0.73203125 0.23125 0.1671875
0 0.6328125 0.89453125 0.3109375 0.165625