1 0.4125 0.6109375 0.225 0.2125
0 0.1625 0.63828125 0.31875 0.30703125
0 0.1890625 0.8453125 0.36875 0.309375
0 0.38046875 0.83203125 0.1796875 0.3359375
0 0.56484375 0.8578125 0.2359375 0.284375
0 0.7359375 0.8125 0.40234375 0.37421875
0 0.89609375 0.7703125 0.2046875 0.459375
0 0.77734375 0.5875 0.24375 0.2734375
0 0.81953125 0.33515625 0.3609375 0.3046875
0 0.46796875 0.41328125 0.11953125 0.2609375
0 0.5890625 0.42734375 0.178125 0.3484375
0 0.05546875 0.3859375 0.1109375 0.1921875
0 0.27734375 0.38359375 0.4625 0.19296875