1 0.54375 0.5078125 0.440625 0.6109375
0 0.078125 0.1640625 0.15625 0.328125
0 0.35234375 0.1125 0.41640625 0.225
0 0.61015625 0.1125 0.234375 0.21875
0 0.790625 0.0640625 0.18984375 0.128125
0 0.775 0.21484375 0.2109375 0.33046875
0 0.8796875 0.29609375 0.240625 0.2984375
0 0.9453125 0.03515625 0.109375 0.0703125
0 0.8390625 0.65 0.321875 0.16328125
0 0.6609375 0.9125 0.203125 0.175
0 0.4203125 0.85859375 0.196875 0.28203125
0 0.25703125 0.83046875 0.3515625 0.3390625
0 0.25859375 0.4890625 0.24140625 0.4359375
0 0.16328125 0.66640625 0.325 0.20234375
0 0.17578125 0.4328125 0.35078125 0.196875
0 0.2625 0.52109375 0.0984375 0.1453125