1 0.4875 0.42265625 0.271875 0.3078125
1 0.403125 0.634375 0.13125 0.19375
1 0.52578125 0.81796875 0.14375 0.1859375
1 0.63359375 0.81171875 0.11875 0.1484375
1 0.7890625 0.771875 0.1875 0.171875
1 0.80234375 0.1796875 0.246875 0.33125
1 0.28125 0.65 0.096875 0.1625
1 0.2078125 0.57578125 0.109375 0.175
1 0.1609375 0.765625 0.08125 0.21875
1 0.096875 0.646875 0.06875 0.1
1 0.0734375 0.553125 0.065625 0.140625
1 0.0984375 0.4515625 0.053125 0.115625
1 0.1734375 0.40390625 0.0875 0.15625
1 0.11875 0.28671875 0.075 0.071875
1 0.07265625 0.325 0.05 0.071875
1 0.0375 0.3671875 0.075 0.128125
1 0.0609375 0.4765625 0.053125 0.0609375
1 0.03828125 0.63671875 0.0328125 0.075
1 0.07421875 0.75625 0.053125 0.0875
1 0.05625 0.040625 0.05 0.0765625
1 0.0390625 0.14609375 0.034375 0.065625
1 0.91796875 0.4234375 0.1640625 0.190625
1 0.925 0.5984375 0.15 0.109375
1 0.52890625 0.96953125 0.075 0.0609375