1 0.40703125 0.496875 0.446875 0.5125
1 0.89140625 0.4828125 0.040625 0.121875
0 0.24140625 0.85859375 0.425 0.2828125
0 0.109375 0.53359375 0.21875 0.4203125
0 0.1328125 0.3171875 0.265625 0.146875
0 0.4203125 0.20390625 0.38125 0.1546875
0 0.3421875 0.20625 0.2328125 0.2234375
0 0.2421875 0.115625 0.24375 0.2296875
0 0.67265625 0.4828125 0.196875 0.4375
0 0.55234375 0.6609375 0.2859375 0.2125
0 0.8703125 0.95546875 0.075 0.0890625
0 0.78984375 0.5171875 0.1265625 0.2140625
0 0.76640625 0.76171875 0.1734375 0.065625
1 0.871875 0.38359375 0.034375 0.034375
1 0.80546875 0.5171875 0.040625 0.0640625