1 0.59296875 0.496875 0.446875 0.5125
1 0.10859375 0.4828125 0.040625 0.121875
0 0.75859375 0.85859375 0.425 0.2828125
0 0.890625 0.53359375 0.21875 0.4203125
0 0.8671875 0.3171875 0.265625 0.146875
0 0.5796875 0.20390625 0.38125 0.1546875
0 0.6578125 0.20625 0.2328125 0.2234375
0 0.7578125 0.115625 0.24375 0.2296875
0 0.32734375 0.4828125 0.196875 0.4375
0 0.44765625 0.6609375 0.2859375 0.2125
0 0.1296875 0.95546875 0.075 0.0890625
0 0.21015625 0.5171875 0.1265625 0.2140625
0 0.23359375 0.76171875 0.1734375 0.065625
1 0.128125 0.38359375 0.034375 0.034375
1 0.19453125 0.5171875 0.040625 0.0640625