1 0.32578125 0.56640625 0.14609375 0.0640625
1 0.71484375 0.590625 0.0984375 0.03515625
1 0.2421875 0.4890625 0.0703125 0.0515625
0 0.7875 0.5484375 0.12109375 0.0578125
0 0.92578125 0.58359375 0.1484375 0.04921875
0 0.87890625 0.7296875 0.109375 0.04921875
0 0.98984375 0.72890625 0.0203125 0.03984375
0 0.9375 0.77890625 0.0734375 0.04453125
0 0.8828125 0.953125 0.10625 0.09375
0 0.6578125 0.753125 0.228125 0.05859375
0 0.08828125 0.36953125 0.075 0.0328125
0 0.92421875 0.52734375 0.04765625 0.03984375
0 0.7625 0.45625 0.07734375 0.04765625
1 0.6890625 0.62109375 0.1328125 0.11328125
1 0.42421875 0.6671875 0.2578125 0.1828125
1 0.61875 0.60703125 0.15 0.07578125
1 0.64765625 0.87109375 0.0921875 0.05078125