1 0.2765625 0.4703125 0.340625 0.44375
0 0.4296875 0.77734375 0.1453125 0.20625
0 0.4953125 0.6234375 0.103125 0.1453125
0 0.5203125 0.090625 0.1375 0.18125
0 0.23046875 0.1390625 0.315625 0.278125
0 0.4234375 0.0484375 0.103125 0.096875
0 0.0859375 0.271875 0.171875 0.153125
0 0.096875 0.80859375 0.19375 0.3328125
0 0.16484375 0.65078125 0.1203125 0.109375
0 0.06953125 0.4875 0.1390625 0.23125
0 0.42421875 0.9328125 0.10625 0.1296875
0 0.4765625 0.2421875 0.084375 0.184375
0 0.29375 0.75625 0.1875 0.1171875
0 0.3828125 0.671875 0.09375 0.0828125