1 0.5296875 0.7234375 0.44375 0.34140625
0 0.22265625 0.5703125 0.20625 0.1453125
0 0.3765625 0.5046875 0.1453125 0.10390625
0 0.909375 0.4796875 0.18125 0.13671875
0 0.8609375 0.76953125 0.278125 0.315625
0 0.9515625 0.5765625 0.096875 0.10390625
0 0.728125 0.9140625 0.153125 0.171875
0 0.19140625 0.903125 0.3328125 0.19375
0 0.34921875 0.83515625 0.109375 0.1203125
0 0.5125 0.93046875 0.23125 0.1390625
0 0.0671875 0.57578125 0.1296875 0.10546875
0 0.7578125 0.5234375 0.184375 0.08515625
0 0.24375 0.70625 0.1171875 0.1875
0 0.328125 0.6171875 0.0828125 0.09453125