1 0.43359375 0.67421875 0.0640625 0.146875
1 0.409375 0.28515625 0.034375 0.0984375
1 0.5109375 0.7578125 0.0515625 0.0703125
0 0.4515625 0.2125 0.0578125 0.121875
0 0.41640625 0.07421875 0.05 0.1484375
0 0.2703125 0.12109375 0.05 0.109375
0 0.27109375 0.01015625 0.040625 0.0203125
0 0.22109375 0.0625 0.04375 0.0734375
0 0.046875 0.1171875 0.09375 0.10625
0 0.246875 0.3421875 0.059375 0.228125
0 0.63046875 0.91171875 0.0328125 0.075
0 0.47265625 0.07578125 0.040625 0.046875
0 0.54375 0.2375 0.046875 0.078125
1 0.37890625 0.3109375 0.1125 0.1328125
1 0.3328125 0.57578125 0.1828125 0.2578125
1 0.39296875 0.38125 0.075 0.15
1 0.12890625 0.35234375 0.05 0.0921875