1 0.42265625 0.4875 0.3078125 0.271875
1 0.634375 0.403125 0.19375 0.13125
1 0.81796875 0.52578125 0.1859375 0.14296875
1 0.81171875 0.63359375 0.1484375 0.11953125
1 0.771875 0.7890625 0.171875 0.1875
1 0.1796875 0.80234375 0.33125 0.24609375
1 0.65 0.28125 0.1625 0.096875
1 0.57578125 0.2078125 0.17578125 0.109375
1 0.765625 0.1609375 0.21875 0.08125
1 0.646875 0.096875 0.1 0.06953125
1 0.553125 0.0734375 0.13984375 0.065625
1 0.4515625 0.0984375 0.115625 0.05390625
1 0.40390625 0.1734375 0.15703125 0.0875
1 0.28671875 0.11875 0.071875 0.07578125
1 0.325 0.07265625 0.07109375 0.04921875
1 0.3671875 0.0375 0.128125 0.075
1 0.4765625 0.0609375 0.0609375 0.05390625
1 0.63671875 0.03828125 0.075 0.0328125
1 0.75625 0.07421875 0.0875 0.05234375
1 0.040625 0.05625 0.0765625 0.05
1 0.14609375 0.0390625 0.06640625 0.034375
1 0.4234375 0.91796875 0.190625 0.1640625
1 0.5984375 0.925 0.109375 0.15
1 0.96953125 0.52890625 0.0609375 0.075