1 0.45625 0.4921875 0.440625 0.6109375
0 0.921875 0.8359375 0.15625 0.328125
0 0.64765625 0.8875 0.415625 0.225
0 0.38984375 0.8875 0.234375 0.21875
0 0.209375 0.9359375 0.190625 0.128125
0 0.225 0.78515625 0.2109375 0.33125
0 0.1203125 0.70390625 0.240625 0.2984375
0 0.0546875 0.96484375 0.109375 0.0703125
0 0.1609375 0.35 0.321875 0.1625
0 0.3390625 0.0875 0.203125 0.175
0 0.5796875 0.14140625 0.196875 0.28125
0 0.74296875 0.16953125 0.3515625 0.3390625
0 0.74140625 0.5109375 0.240625 0.4359375
0 0.83671875 0.33359375 0.325 0.203125
0 0.82421875 0.5671875 0.35 0.196875
0 0.7375 0.47890625 0.0984375 0.1453125