1 0.51875 0.60546875 0.80625 0.465625
0 0.48828125 0.3359375 0.478125 0.1375
0 0.13359375 0.53984375 0.265625 0.196875
0 0.09296875 0.7203125 0.1859375 0.1125
0 0.3390625 0.9375 0.678125 0.125
0 0.8484375 0.90234375 0.2734375 0.11875
0 0.921875 0.66796875 0.15625 0.2828125
0 0.81328125 0.5453125 0.2875 0.1765625
0 0.82578125 0.3421875 0.340625 0.11875
0 0.8328125 0.26171875 0.303125 0.109375
0 0.20390625 0.334375 0.40625 0.0875
0 0.14921875 0.23984375 0.296875 0.1125
0 0.51015625 0.2296875 0.378125 0.11875
0 0.3046875 0.5109375 0.175 0.1734375