1 0.72109375 0.60078125 0.1234375 0.10625
1 0.83984375 0.9 0.1328125 0.19609375
1 0.53671875 0.55625 0.1671875 0.14140625
1 0.3 0.45546875 0.3 0.11875
1 0.59453125 0.29765625 0.1421875 0.0375
1 0.58828125 0.36875 0.1046875 0.08359375
1 0.57578125 0.45546875 0.1234375 0.06875
1 0.5234375 0.38671875 0.08125 0.03984375
1 0.47734375 0.3375 0.0859375 0.05859375
1 0.503125 0.68828125 0.175 0.10234375
1 0.453125 0.91015625 0.246875 0.175
1 0.38828125 0.534375 0.0703125 0.04765625
1 0.046875 0.57265625 0.09375 0.1
1 0.7140625 0.4625 0.096875 0.0625