1 0.39921875 0.27890625 0.10625 0.1234375
1 0.1 0.16015625 0.196875 0.1328125
1 0.44375 0.46328125 0.140625 0.1671875
1 0.54453125 0.7 0.11875 0.3
1 0.70234375 0.40546875 0.0375 0.1421875
1 0.63125 0.41171875 0.084375 0.1046875
1 0.54453125 0.42421875 0.06875 0.1234375
1 0.61328125 0.4765625 0.040625 0.08125
1 0.6625 0.52265625 0.059375 0.0859375
1 0.31171875 0.496875 0.103125 0.175
1 0.08984375 0.546875 0.175 0.246875
1 0.465625 0.61171875 0.046875 0.0703125
1 0.42734375 0.953125 0.1 0.09375
1 0.5375 0.2859375 0.0625 0.096875