1 0.48125 0.60546875 0.80546875 0.46484375
0 0.51171875 0.3359375 0.47734375 0.1375
0 0.86640625 0.53984375 0.26640625 0.19609375
0 0.90703125 0.7203125 0.1859375 0.1125
0 0.6609375 0.9375 0.678125 0.125
0 0.1515625 0.90234375 0.2734375 0.11875
0 0.078125 0.66796875 0.15625 0.2828125
0 0.18671875 0.5453125 0.2875 0.1765625
0 0.17421875 0.3421875 0.33984375 0.11875
0 0.1671875 0.26171875 0.30390625 0.11015625
0 0.79609375 0.334375 0.40546875 0.08828125
0 0.85078125 0.23984375 0.29765625 0.1125
0 0.48984375 0.2296875 0.378125 0.11875
0 0.6953125 0.5109375 0.17578125 0.1734375