1 0.65859375 0.76015625 0.090625 0.10625
1 0.84765625 0.69375 0.209375 0.1265625
1 0.51953125 0.48359375 0.14375 0.18125
1 0.86328125 0.08828125 0.265625 0.175
1 0.8890625 0.90859375 0.1171875 0.0828125
1 0.6953125 0.28046875 0.20625 0.3046875
1 0.4921875 0.73828125 0.075 0.0578125
1 0.58203125 0.93984375 0.15625 0.10625
1 0.890625 0.82109375 0.209375 0.0875
1 0.57734375 0.76796875 0.071875 0.109375
1 0.63671875 0.82109375 0.08125 0.053125
1 0.38125 0.6265625 0.09375 0.1078125
1 0.328125 0.69296875 0.05 0.0484375
1 0.3890625 0.7484375 0.096875 0.090625
1 0.2984375 0.65546875 0.084375 0.0546875
1 0.48671875 0.609375 0.128125 0.08125