1 0.55859375 0.7 0.2859375 0.28359375
1 0.22265625 0.43515625 0.4015625 0.29609375
0 0.8015625 0.40078125 0.396875 0.328125
1 0.83125 0.56328125 0.13671875 0.12109375
0 0.4828125 0.4984375 0.096875 0.1390625
0 0.509375 0.26796875 0.240625 0.18671875
0 0.0625 0.3609375 0.11640625 0.1703125
0 0.221875 0.27734375 0.22109375 0.071875
1 0.17265625 0.79296875 0.3375 0.41328125
0 0.3984375 0.73515625 0.1015625 0.1578125
0 0.42890625 0.14140625 0.08671875 0.11015625
0 0.8109375 0.19453125 0.378125 0.11484375
0 0.80625 0.1203125 0.1109375 0.05859375
0 0.09453125 0.22734375 0.1875 0.1703125
0 0.30078125 0.21875 0.24375 0.115625
1 0.7140625 0.91875 0.571875 0.1625
0 0.7515625 0.6078125 0.10625 0.06953125
0 0.45703125 0.44765625 0.20078125 0.05078125
1 0.95078125 0.0796875 0.0984375 0.06953125