1 0.76015625 0.65859375 0.10625 0.09140625
1 0.69375 0.84765625 0.12578125 0.20859375
1 0.48359375 0.51953125 0.18046875 0.14375
1 0.08828125 0.86328125 0.17578125 0.26484375
1 0.90859375 0.8890625 0.0828125 0.1171875
1 0.28046875 0.6953125 0.3046875 0.20546875
1 0.73828125 0.4921875 0.0578125 0.075
1 0.93984375 0.58203125 0.10625 0.15625
1 0.82109375 0.890625 0.08671875 0.209375
1 0.76796875 0.57734375 0.10859375 0.07109375
1 0.82109375 0.63671875 0.05390625 0.08203125
1 0.6265625 0.38125 0.1078125 0.09296875
1 0.69296875 0.328125 0.0484375 0.05078125
1 0.7484375 0.3890625 0.09140625 0.09609375
1 0.65546875 0.2984375 0.0546875 0.084375
1 0.609375 0.48671875 0.08203125 0.12890625