1 0.55859375 0.3 0.2859375 0.284375
1 0.22265625 0.56484375 0.4015625 0.296875
0 0.8015625 0.59921875 0.396875 0.328125
1 0.83125 0.43671875 0.1375 0.121875
0 0.4828125 0.5015625 0.096875 0.1390625
0 0.509375 0.73203125 0.240625 0.1875
0 0.0625 0.6390625 0.1171875 0.1703125
0 0.221875 0.72265625 0.221875 0.071875
1 0.17265625 0.20703125 0.3375 0.4140625
0 0.3984375 0.26484375 0.1015625 0.1578125
0 0.42890625 0.85859375 0.0875 0.109375
0 0.8109375 0.80546875 0.378125 0.115625
0 0.80625 0.8796875 0.1109375 0.059375
0 0.09453125 0.77265625 0.1875 0.1703125
0 0.30078125 0.78125 0.24375 0.115625
1 0.7140625 0.08125 0.571875 0.1625
0 0.7515625 0.3921875 0.10625 0.06875
0 0.45703125 0.55234375 0.2 0.05
1 0.95078125 0.9203125 0.0984375 0.06875