1 0.34140625 0.23984375 0.090625 0.10625
1 0.15234375 0.30625 0.209375 0.125
1 0.48046875 0.51640625 0.14375 0.18125
1 0.13671875 0.91171875 0.265625 0.175
1 0.1109375 0.09140625 0.1171875 0.0828125
1 0.3046875 0.71953125 0.20625 0.3046875
1 0.5078125 0.26171875 0.075 0.0578125
1 0.41796875 0.06015625 0.15625 0.10625
1 0.109375 0.17890625 0.209375 0.0875
1 0.42265625 0.23203125 0.071875 0.109375
1 0.36328125 0.17890625 0.08125 0.053125
1 0.61875 0.3734375 0.09375 0.1078125
1 0.671875 0.30703125 0.05 0.0484375
1 0.6109375 0.2515625 0.096875 0.090625
1 0.7015625 0.34453125 0.084375 0.0546875
1 0.51328125 0.390625 0.128125 0.08125