1 0.44140625 0.7 0.2859375 0.284375
1 0.77734375 0.43515625 0.4015625 0.296875
0 0.1984375 0.40078125 0.396875 0.328125
1 0.16875 0.56328125 0.1375 0.121875
0 0.5171875 0.4984375 0.096875 0.1390625
0 0.490625 0.26796875 0.240625 0.1875
0 0.9375 0.3609375 0.115625 0.1703125
0 0.778125 0.27734375 0.221875 0.071875
1 0.82734375 0.79296875 0.3375 0.4140625
0 0.6015625 0.73515625 0.1015625 0.1578125
0 0.57109375 0.14140625 0.0875 0.109375
0 0.1890625 0.19453125 0.378125 0.115625
0 0.19375 0.1203125 0.1109375 0.059375
0 0.90546875 0.22734375 0.1875 0.1703125
0 0.69921875 0.21875 0.24375 0.115625
1 0.2859375 0.91875 0.571875 0.1625
0 0.2484375 0.6078125 0.10625 0.06875
0 0.54296875 0.44765625 0.2 0.05
1 0.04921875 0.0796875 0.0984375 0.06875