1 0.44375 0.4078125 0.0625 0.053125
1 0.32890625 0.41484375 0.1046875 0.071875
1 0.26953125 0.44296875 0.0546875 0.05625
1 0.27265625 0.334375 0.0984375 0.078125
1 0.34296875 0.24375 0.1078125 0.125
1 0.3890625 0.34375 0.0625 0.059375
1 0.5390625 0.26015625 0.1125 0.06875
1 0.4578125 0.17421875 0.071875 0.03125
1 0.54453125 0.18125 0.0703125 0.034375
1 0.60234375 0.08359375 0.1515625 0.1
1 0.47109375 0.0359375 0.0640625 0.0671875
1 0.71640625 0.31484375 0.3234375 0.221875
1 0.89296875 0.346875 0.0734375 0.0921875
1 0.86640625 0.0359375 0.1234375 0.0671875
1 0.6140625 0.48046875 0.221875 0.175
1 0.42265625 0.55703125 0.2703125 0.15
1 0.2 0.61953125 0.25 0.1375
1 0.8875 0.5671875 0.20625 0.0625
1 0.74921875 0.54375 0.1375 0.059375
1 0.815625 0.48125 0.134375 0.071875
1 0.94140625 0.45859375 0.1015625 0.071875
1 0.89140625 0.22109375 0.20625 0.125
1 0.94453125 0.09296875 0.0875 0.1328125
1 0.22109375 0.3890625 0.025 0.034375
1 0.09296875 0.646875 0.1 0.0609375
1 0.2265625 0.696875 0.090625 0.0375
1 0.35546875 0.6578125 0.1046875 0.046875
1 0.43203125 0.646875 0.0734375 0.05625
1 0.590625 0.5671875 0.1 0.05625
1 0.540625 0.409375 0.065625 0.05625
1 0.7078125 0.23515625 0.1796875 0.121875
1 0.27734375 0.52109375 0.0765625 0.121875
1 0.0890625 0.55625 0.0671875 0.0578125
1 0.3515625 0.49921875 0.09375 0.0578125
1 0.41875 0.47890625 0.053125 0.0640625
1 0.7046875 0.48515625 0.109375 0.10625
1 0.8109375 0.42734375 0.0875 0.053125