1 0.5375 0.596875 0.590625 0.53359375
0 0.5421875 0.240625 0.2125 0.18515625
0 0.71875 0.2234375 0.18203125 0.23125
0 0.809375 0.3140625 0.1375 0.25859375
0 0.890625 0.43046875 0.21875 0.2453125
0 0.925 0.2515625 0.14921875 0.2015625
0 0.90234375 0.575 0.1953125 0.23828125
0 0.91015625 0.7265625 0.1796875 0.2
0 0.925 0.85859375 0.14921875 0.2828125
0 0.8359375 0.91953125 0.1890625 0.16015625
0 0.26953125 0.9125 0.5359375 0.175
0 0.11796875 0.62109375 0.234375 0.51796875
0 0.24375 0.278125 0.11484375 0.1359375
0 0.371875 0.24765625 0.1390625 0.1859375