1 0.5375 0.403125 0.590625 0.534375
0 0.5421875 0.759375 0.2125 0.184375
0 0.71875 0.7765625 0.18125 0.23125
0 0.809375 0.6859375 0.1375 0.259375
0 0.890625 0.56953125 0.21875 0.2453125
0 0.925 0.7484375 0.15 0.2015625
0 0.90234375 0.425 0.1953125 0.2375
0 0.91015625 0.2734375 0.1796875 0.2
0 0.925 0.14140625 0.15 0.2828125
0 0.8359375 0.08046875 0.1890625 0.159375
0 0.26953125 0.0875 0.5359375 0.175
0 0.11796875 0.37890625 0.234375 0.51875
0 0.24375 0.721875 0.115625 0.1359375
0 0.371875 0.75234375 0.1390625 0.1859375