1 0.55625 0.5921875 0.0625 0.053125
1 0.67109375 0.58515625 0.1046875 0.07265625
1 0.73046875 0.55703125 0.0546875 0.05546875
1 0.72734375 0.665625 0.0984375 0.078125
1 0.65703125 0.75625 0.1078125 0.125
1 0.6109375 0.65625 0.0625 0.05859375
1 0.4609375 0.73984375 0.1125 0.06953125
1 0.5421875 0.82578125 0.071875 0.03046875
1 0.45546875 0.81875 0.0703125 0.03359375
1 0.39765625 0.91640625 0.1515625 0.1
1 0.52890625 0.9640625 0.0640625 0.0671875
1 0.28359375 0.68515625 0.3234375 0.22265625
1 0.10703125 0.653125 0.0734375 0.0921875
1 0.13359375 0.9640625 0.1234375 0.0671875
1 0.3859375 0.51953125 0.221875 0.17578125
1 0.57734375 0.44296875 0.2703125 0.15078125
1 0.8 0.38046875 0.25 0.13671875
1 0.1125 0.4328125 0.20625 0.0625
1 0.25078125 0.45625 0.13671875 0.06015625
1 0.184375 0.51875 0.13515625 0.07109375
1 0.05859375 0.54140625 0.1015625 0.07265625
1 0.10859375 0.77890625 0.20703125 0.125
1 0.05546875 0.90703125 0.0875 0.1328125
1 0.77890625 0.6109375 0.02578125 0.034375
1 0.90703125 0.353125 0.1 0.0609375
1 0.7734375 0.303125 0.08984375 0.03828125
1 0.64453125 0.3421875 0.1046875 0.04765625
1 0.56796875 0.353125 0.0734375 0.05625
1 0.409375 0.4328125 0.1 0.05546875
1 0.459375 0.590625 0.065625 0.05625
1 0.2921875 0.76484375 0.1796875 0.12265625
1 0.72265625 0.47890625 0.0765625 0.12109375
1 0.9109375 0.44375 0.0671875 0.0578125
1 0.6484375 0.50078125 0.09453125 0.0578125
1 0.58125 0.52109375 0.053125 0.0640625
1 0.2953125 0.51484375 0.10859375 0.10546875
1 0.1890625 0.57265625 0.0875 0.05390625