1 0.4078125 0.55625 0.053125 0.0625
1 0.41484375 0.67109375 0.071875 0.1046875
1 0.44296875 0.73046875 0.05625 0.0546875
1 0.334375 0.72734375 0.078125 0.0984375
1 0.24375 0.65703125 0.125 0.1078125
1 0.34375 0.6109375 0.059375 0.0625
1 0.26015625 0.4609375 0.06875 0.1125
1 0.17421875 0.5421875 0.03125 0.071875
1 0.18125 0.45546875 0.034375 0.0703125
1 0.08359375 0.39765625 0.1 0.1515625
1 0.0359375 0.52890625 0.0671875 0.0640625
1 0.31484375 0.28359375 0.221875 0.3234375
1 0.346875 0.10703125 0.0921875 0.0734375
1 0.0359375 0.13359375 0.0671875 0.1234375
1 0.48046875 0.3859375 0.175 0.221875
1 0.55703125 0.57734375 0.15 0.2703125
1 0.61953125 0.8 0.1375 0.25
1 0.5671875 0.1125 0.0625 0.20625
1 0.54375 0.25078125 0.059375 0.1375
1 0.48125 0.184375 0.071875 0.134375
1 0.45859375 0.05859375 0.071875 0.1015625
1 0.22109375 0.10859375 0.125 0.20625
1 0.09296875 0.05546875 0.1328125 0.0875
1 0.3890625 0.77890625 0.034375 0.025
1 0.646875 0.90703125 0.0609375 0.1
1 0.696875 0.7734375 0.0375 0.090625
1 0.6578125 0.64453125 0.046875 0.1046875
1 0.646875 0.56796875 0.05625 0.0734375
1 0.5671875 0.409375 0.05625 0.1
1 0.409375 0.459375 0.05625 0.065625
1 0.23515625 0.2921875 0.121875 0.1796875
1 0.52109375 0.72265625 0.121875 0.0765625
1 0.55625 0.9109375 0.0578125 0.0671875
1 0.49921875 0.6484375 0.0578125 0.09375
1 0.47890625 0.58125 0.0640625 0.053125
1 0.48515625 0.2953125 0.10625 0.109375
1 0.42734375 0.1890625 0.053125 0.0875