1 0.403125 0.4625 0.534375 0.590625
0 0.759375 0.4578125 0.184375 0.2125
0 0.7765625 0.28125 0.23125 0.18125
0 0.6859375 0.190625 0.259375 0.1375
0 0.56953125 0.109375 0.2453125 0.21875
0 0.7484375 0.075 0.2015625 0.15
0 0.425 0.09765625 0.2375 0.1953125
0 0.2734375 0.08984375 0.2 0.1796875
0 0.14140625 0.075 0.2828125 0.15
0 0.08046875 0.1640625 0.159375 0.1890625
0 0.0875 0.73046875 0.175 0.5359375
0 0.37890625 0.88203125 0.51875 0.234375
0 0.721875 0.75625 0.1359375 0.115625
0 0.75234375 0.628125 0.1859375 0.1390625